19 8 10 1 10 2 2 13 14 8 9 13 9 0
43 30 2 38 24 40 39 10 16 1 34 15 9 0
103 62 20 74 73 82 41 31 75 43 60 102 71 0
4483 304 740 1959 4316 1195 1347 4209 4063 121 2672 4236 2199 0
12451 10698 9280 2027 8453 7285 1069 6184 6727 12213 7851 1188 4174 0
27823 25970 13696 20598 1151 25797 10007 11925 15468 26573 20918 19289 4880 0
45403 31884 10482 1896 39396 40346 25397 44597 42130 36385 40410 6029 12902 0
46147 14063 15272 2517 8248 22764 31896 11546 44072 25449 22668 37274 20949 0
95891 90481 56551 1204 15501 88484 85011 44908 34424 68044 71457 68121 84733 0
209431 152368 133678 82378 68539 67308 205621 25181 195132 124100 106898 64658 120921 0
511939 30298 294915 358375 143630 84478 470012 233545 319573 266140 282320 290756 373199 0
934811 838829 95065 607169 867392 249940 70736 687977 275617 553731 225931 156552 281341 0
1938907 302521 1120571 236588 1186812 1443218 1923297 542566 637841 17743 1769049 1145020 766318 0
2040349 1365747 812043 1404800 1663127 379418 1123604 1346979 703560 63762 407339 326947 435764 0
3956639 3834449 1282616 3137504 3941988 2354833 1942618 2879351 3370881 1894406 3509591 891387 323116 0
6728539 2983936 917885 1107890 4596400 5934917 5124840 5783162 3206190 4470187 3227860 6549512 4205851 0
16024991 14709321 5836625 9719020 3621362 5585336 3282942 6302589 2800320 8725275 7371390 5475587 5553978 0
18395203 360605 6981899 12377495 3770298 4197408 14551447 14906339 14039647 3397472 12800114 16977609 16941842 0
38091899 31438235 36484810 28779751 23521939 8717171 12026498 15520041 33179621 6802025 4540008 12900009 37758088 0
58148437 40575943 36915718 10839306 2271363 27942670 44854280 20751412 41531055 20776530 8951549 54069154 18477367 0
0
