40
100 100 76
100 100 90
100 100 99
100 100 67
100 100 75
100 100 62
100 100 73
100 100 57
100 100 62
100 100 54
1000 1000 704
1000 1000 635
1000 1000 543
1000 1000 585
1000 1000 639
1000 1000 654
1000 1000 727
1000 1000 684
1000 1000 770
1000 1000 519
10000 10000 9889
10000 10000 6238
10000 10000 9151
10000 10000 9236
10000 10000 6487
10000 10000 7122
10000 10000 9731
10000 10000 9006
10000 10000 5012
10000 10000 5627
100000 100000 75150
100000 100000 50947
100000 100000 64035
100000 100000 96630
100000 100000 69418
100000 100000 54620
100000 100000 58653
100000 100000 79914
100000 100000 70745
100000 100000 70729
