1000 1000
112 111 1000000000
292 291 1000000000
702 703 1000000000
71 70 1000000000
561 562 1000000000
470 469 1000000000
708 707 1000000000
898 897 1000000000
166 165 1000000000
927 928 1000000000
797 796 1000000000
323 324 1000000000
362 363 1000000000
4 3 1000000000
568 569 1000000000
793 794 1000000000
603 604 1000000000
930 931 1000000000
644 645 1000000000
722 721 1000000000
591 590 1000000000
827 828 1000000000
422 421 1000000000
580 579 1000000000
364 365 1000000000
194 193 1000000000
552 553 1000000000
853 854 1000000000
973 972 1000000000
925 924 1000000000
353 354 1000000000
914 913 1000000000
545 544 1000000000
587 586 1000000000
397 398 1000000000
116 115 1000000000
640 641 1000000000
717 716 1000000000
202 203 1000000000
281 282 1000000000
68 67 1000000000
673 674 1000000000
933 934 1000000000
953 952 1000000000
881 880 1000000000
178 177 1000000000
108 107 1000000000
800 799 1000000000
884 883 1000000000
272 271 1000000000
724 725 1000000000
166 167 1000000000
751 752 1000000000
44 45 1000000000
393 392 1000000000
203 204 1000000000
51 50 1000000000
106 107 1000000000
911 912 1000000000
319 320 1000000000
389 388 1000000000
391 390 1000000000
143 142 1000000000
409 410 1000000000
487 488 1000000000
742 741 1000000000
718 719 1000000000
34 35 1000000000
558 559 1000000000
703 704 1000000000
26 27 1000000000
783 782 1000000000
711 712 1000000000
967 966 1000000000
83 84 1000000000
435 436 1000000000
543 544 1000000000
710 709 1000000000
257 256 1000000000
289 288 1000000000
935 934 1000000000
572 573 1000000000
615 614 1000000000
21 20 1000000000
963 964 1000000000
46 45 1000000000
700 699 1000000000
133 132 1000000000
875 874 1000000000
449 450 1000000000
240 239 1000000000
265 266 1000000000
924 923 1000000000
601 600 1000000000
159 158 1000000000
557 556 1000000000
750 751 1000000000
940 939 1000000000
791 790 1000000000
910 909 1000000000
538 537 1000000000
620 621 1000000000
181 182 1000000000
655 656 1000000000
341 340 1000000000
494 493 1000000000
396 397 1000000000
493 492 1000000000
639 640 1000000000
841 840 1000000000
93 94 1000000000
50 49 1000000000
63 62 1000000000
508 507 1000000000
191 192 1000000000
69 68 1000000000
485 486 1000000000
688 689 1000000000
591 592 1000000000
853 852 1000000000
697 698 1000000000
545 546 1000000000
75 76 1000000000
801 800 1000000000
563 562 1000000000
723 722 1000000000
481 482 1000000000
614 613 1000000000
420 421 1000000000
311 310 1000000000
302 303 1000000000
784 783 1000000000
880 879 1000000000
498 497 1000000000
189 188 1000000000
51 52 1000000000
369 370 1000000000
810 809 1000000000
246 245 1000000000
624 625 1000000000
767 766 1000000000
459 458 1000000000
685 686 1000000000
770 771 1000000000
403 402 1000000000
495 496 1000000000
949 950 1000000000
238 237 1000000000
733 734 1000000000
996 997 1000000000
861 860 1000000000
810 811 1000000000
267 268 1000000000
534 533 1000000000
212 211 1000000000
163 162 1000000000
157 158 1000000000
824 823 1000000000
705 704 1000000000
79 80 1000000000
87 86 1000000000
137 136 1000000000
633 632 1000000000
357 358 1000000000
398 399 1000000000
747 746 1000000000
278 277 1000000000
771 772 1000000000
415 416 1000000000
973 974 1000000000
24 23 1000000000
31 30 1000000000
920 921 1000000000
870 869 1000000000
251 252 1000000000
764 763 1000000000
322 321 1000000000
554 555 1000000000
196 197 1000000000
383 384 1000000000
521 522 1000000000
699 698 1000000000
347 348 1000000000
754 753 1000000000
218 219 1000000000
336 337 1000000000
122 123 1000000000
946 947 1000000000
280 279 1000000000
274 273 1000000000
665 666 1000000000
464 465 1000000000
948 947 1000000000
433 434 1000000000
899 898 1000000000
210 209 1000000000
72 71 1000000000
705 706 1000000000
666 667 1000000000
780 779 1000000000
902 903 1000000000
11 10 1000000000
62 61 1000000000
969 970 1000000000
431 432 1000000000
819 818 1000000000
740 739 1000000000
467 466 1000000000
831 830 1000000000
981 982 1000000000
527 526 1000000000
28 27 1000000000
463 462 1000000000
280 281 1000000000
843 844 1000000000
479 480 1000000000
404 405 1000000000
47 46 1000000000
360 361 1000000000
329 328 1000000000
394 395 1000000000
878 877 1000000000
989 990 1000000000
85 84 1000000000
162 161 1000000000
200 199 1000000000
105 104 1000000000
594 595 1000000000
78 77 1000000000
608 607 1000000000
504 503 1000000000
293 292 1000000000
216 217 1000000000
957 958 1000000000
863 864 1000000000
668 669 1000000000
653 652 1000000000
479 478 1000000000
224 223 1000000000
765 766 1000000000
453 452 1000000000
216 215 1000000000
708 709 1000000000
466 465 1000000000
513 512 1000000000
48 49 1000000000
349 348 1000000000
759 758 1000000000
150 149 1000000000
583 582 1000000000
931 932 1000000000
896 897 1000000000
760 761 1000000000
858 859 1000000000
314 313 1000000000
294 293 1000000000
37 36 1000000000
508 509 1000000000
60 59 1000000000
354 355 1000000000
617 616 1000000000
93 92 1000000000
887 888 1000000000
332 331 1000000000
475 474 1000000000
678 679 1000000000
136 135 1000000000
317 316 1000000000
960 959 1000000000
951 950 1000000000
858 857 1000000000
97 96 1000000000
371 372 1000000000
15 14 1000000000
757 758 1000000000
729 728 1000000000
314 315 1000000000
309 308 1000000000
240 241 1000000000
260 259 1000000000
878 879 1000000000
57 58 1000000000
923 922 1000000000
939 938 1000000000
319 318 1000000000
499 498 1000000000
803 804 1000000000
118 119 1000000000
70 69 1000000000
999 1000 1000000000
53 52 1000000000
109 108 1000000000
919 918 1000000000
350 349 1000000000
541 542 1000000000
748 749 1000000000
91 90 1000000000
867 868 1000000000
986 985 1000000000
190 191 1000000000
335 334 1000000000
518 517 1000000000
598 597 1000000000
877 876 1000000000
647 648 1000000000
248 247 1000000000
153 154 1000000000
174 175 1000000000
439 440 1000000000
904 905 1000000000
16 17 1000000000
515 514 1000000000
587 588 1000000000
658 657 1000000000
848 849 1000000000
543 542 1000000000
905 906 1000000000
300 301 1000000000
516 517 1000000000
780 781 1000000000
304 305 1000000000
141 140 1000000000
455 454 1000000000
539 538 1000000000
21 22 1000000000
991 990 1000000000
776 777 1000000000
262 261 1000000000
287 286 1000000000
383 382 1000000000
739 738 1000000000
249 250 1000000000
667 668 1000000000
611 610 1000000000
205 204 1000000000
413 412 1000000000
789 790 1000000000
390 389 1000000000
929 928 1000000000
644 643 1000000000
231 230 1000000000
762 761 1000000000
370 371 1000000000
595 596 1000000000
40 39 1000000000
740 741 1000000000
417 416 1000000000
852 851 1000000000
994 995 1000000000
92 91 1000000000
103 102 1000000000
949 948 1000000000
436 437 1000000000
297 298 1000000000
283 284 1000000000
662 663 1000000000
829 830 1000000000
41 42 1000000000
716 715 1000000000
893 892 1000000000
19 20 1000000000
855 854 1000000000
195 196 1000000000
352 353 1000000000
670 671 1000000000
612 611 1000000000
201 200 1000000000
81 82 1000000000
302 301 1000000000
813 812 1000000000
326 325 1000000000
681 682 1000000000
189 190 1000000000
745 744 1000000000
345 346 1000000000
996 995 1000000000
851 850 1000000000
519 520 1000000000
693 692 1000000000
861 862 1000000000
782 781 1000000000
87 88 1000000000
1000 1 1
109 110 1000000000
873 872 1000000000
312 311 1000000000
496 497 1000000000
173 172 1000000000
381 382 1000000000
250 251 1000000000
581 582 1000000000
17 18 1000000000
472 471 1000000000
604 605 1000000000
889 890 1000000000
892 891 1000000000
253 254 1000000000
906 907 1000000000
803 802 1000000000
379 378 1000000000
61 60 1000000000
48 47 1000000000
57 56 1000000000
894 893 1000000000
475 476 1000000000
737 738 1000000000
993 992 1000000000
881 882 1000000000
238 239 1000000000
900 901 1000000000
641 642 1000000000
866 865 1000000000
589 590 1000000000
988 987 1000000000
727 726 1000000000
338 337 1000000000
344 345 1000000000
413 414 1000000000
518 519 1000000000
555 556 1000000000
58 59 1000000000
687 686 1000000000
706 707 1000000000
829 828 1000000000
484 483 1000000000
427 426 1000000000
257 258 1000000000
98 97 1000000000
902 901 1000000000
750 749 1000000000
163 164 1000000000
536 537 1000000000
295 296 1000000000
178 179 1000000000
554 553 1000000000
536 535 1000000000
791 792 1000000000
194 195 1000000000
485 484 1000000000
584 585 1000000000
745 746 1000000000
66 65 1000000000
492 491 1000000000
503 502 1000000000
423 424 1000000000
809 808 1000000000
836 837 1000000000
326 327 1000000000
623 622 1000000000
968 967 1000000000
511 510 1000000000
626 625 1000000000
43 44 1000000000
816 815 1000000000
377 378 1000000000
911 910 1000000000
980 981 1000000000
712 713 1000000000
726 725 1000000000
523 522 1000000000
768 767 1000000000
464 463 1000000000
670 669 1000000000
663 664 1000000000
208 207 1000000000
807 806 1000000000
218 217 1000000000
148 147 1000000000
144 143 1000000000
73 74 1000000000
812 811 1000000000
473 474 1000000000
307 306 1000000000
273 272 1000000000
300 299 1000000000
234 233 1000000000
243 244 1000000000
651 650 1000000000
846 845 1000000000
748 747 1000000000
661 662 1000000000
72 73 1000000000
984 985 1000000000
275 276 1000000000
264 265 1000000000
312 313 1000000000
429 430 1000000000
332 333 1000000000
633 634 1000000000
347 346 1000000000
186 187 1000000000
340 339 1000000000
252 253 1000000000
744 743 1000000000
14 13 1000000000
598 599 1000000000
205 206 1000000000
940 941 1000000000
420 419 1000000000
315 316 1000000000
225 226 1000000000
157 156 1000000000
168 169 1000000000
657 656 1000000000
797 798 1000000000
79 78 1000000000
998 999 1000000000
307 308 1000000000
566 567 1000000000
912 913 1000000000
318 317 1000000000
264 263 1000000000
31 32 1000000000
392 391 1000000000
652 651 1000000000
785 786 1000000000
943 942 1000000000
891 890 1000000000
228 227 1000000000
566 565 1000000000
442 443 1000000000
845 844 1000000000
120 121 1000000000
351 350 1000000000
6 7 1000000000
262 263 1000000000
994 993 1000000000
418 417 1000000000
470 471 1000000000
627 628 1000000000
860 859 1000000000
962 961 1000000000
827 826 1000000000
506 505 1000000000
864 865 1000000000
976 975 1000000000
266 267 1000000000
711 710 1000000000
785 784 1000000000
677 678 1000000000
834 833 1000000000
82 83 1000000000
425 424 1000000000
275 274 1000000000
161 160 1000000000
225 224 1000000000
159 160 1000000000
254 255 1000000000
395 396 1000000000
535 534 1000000000
959 958 1000000000
29 28 1000000000
213 214 1000000000
866 867 1000000000
461 462 1000000000
437 438 1000000000
962 963 1000000000
673 672 1000000000
117 116 1000000000
695 696 1000000000
793 792 1000000000
884 885 1000000000
369 368 1000000000
400 399 1000000000
39 38 1000000000
822 823 1000000000
131 132 1000000000
638 637 1000000000
843 842 1000000000
74 75 1000000000
489 490 1000000000
814 815 1000000000
456 457 1000000000
820 819 1000000000
81 80 1000000000
183 184 1000000000
629 630 1000000000
452 451 1000000000
134 135 1000000000
661 660 1000000000
617 618 1000000000
309 310 1000000000
76 77 1000000000
125 126 1000000000
187 188 1000000000
289 290 1000000000
286 285 1000000000
411 412 1000000000
728 727 1000000000
144 145 1000000000
831 832 1000000000
450 451 1000000000
886 885 1000000000
563 564 1000000000
380 379 1000000000
154 155 1000000000
549 550 1000000000
94 95 1000000000
573 574 1000000000
220 219 1000000000
675 676 1000000000
320 321 1000000000
402 401 1000000000
730 731 1000000000
271 270 1000000000
101 102 1000000000
570 571 1000000000
242 243 1000000000
605 606 1000000000
730 729 1000000000
946 945 1000000000
167 168 1000000000
336 335 1000000000
491 490 1000000000
120 119 1000000000
454 453 1000000000
937 936 1000000000
375 376 1000000000
838 837 1000000000
476 477 1000000000
100 101 1000000000
3 2 1000000000
577 578 1000000000
172 171 1000000000
366 365 1000000000
459 460 1000000000
871 872 1000000000
236 235 1000000000
42 43 1000000000
520 521 1000000000
403 404 1000000000
550 551 1000000000
557 558 1000000000
581 580 1000000000
4 5 1000000000
675 674 1000000000
447 448 1000000000
16 15 1000000000
989 988 1000000000
530 531 1000000000
813 814 1000000000
296 297 1000000000
965 966 1000000000
597 596 1000000000
227 226 1000000000
778 777 1000000000
609 610 1000000000
795 796 1000000000
916 915 1000000000
900 899 1000000000
935 936 1000000000
198 199 1000000000
717 718 1000000000
972 971 1000000000
489 488 1000000000
393 394 1000000000
362 361 1000000000
683 682 1000000000
627 626 1000000000
33 32 1000000000
510 509 1000000000
64 65 1000000000
125 124 1000000000
788 787 1000000000
863 862 1000000000
586 585 1000000000
757 756 1000000000
458 457 1000000000
608 609 1000000000
255 256 1000000000
549 548 1000000000
422 423 1000000000
229 228 1000000000
8 9 1000000000
770 769 1000000000
303 304 1000000000
691 690 1000000000
724 723 1000000000
760 759 1000000000
270 269 1000000000
540 541 1000000000
876 875 1000000000
579 578 1000000000
381 380 1000000000
182 183 1000000000
689 690 1000000000
979 978 1000000000
441 440 1000000000
169 170 1000000000
846 847 1000000000
925 926 1000000000
512 511 1000000000
330 331 1000000000
118 117 1000000000
602 601 1000000000
546 547 1000000000
942 941 1000000000
236 237 1000000000
122 121 1000000000
552 551 1000000000
569 570 1000000000
856 855 1000000000
926 927 1000000000
223 222 1000000000
992 991 1000000000
643 642 1000000000
888 889 1000000000
113 114 1000000000
826 825 1000000000
632 631 1000000000
198 197 1000000000
207 206 1000000000
528 529 1000000000
960 961 1000000000
232 233 1000000000
415 414 1000000000
202 201 1000000000
10 9 1000000000
486 487 1000000000
439 438 1000000000
694 695 1000000000
753 752 1000000000
571 572 1000000000
687 688 1000000000
366 367 1000000000
975 974 1000000000
894 895 1000000000
944 943 1000000000
64 63 1000000000
278 279 1000000000
887 886 1000000000
425 426 1000000000
242 241 1000000000
387 386 1000000000
124 123 1000000000
821 822 1000000000
322 323 1000000000
359 358 1000000000
130 131 1000000000
507 506 1000000000
929 930 1000000000
653 654 1000000000
915 914 1000000000
908 907 1000000000
88 89 1000000000
684 683 1000000000
155 156 1000000000
90 89 1000000000
530 529 1000000000
794 795 1000000000
164 165 1000000000
660 659 1000000000
478 477 1000000000
647 646 1000000000
743 742 1000000000
363 364 1000000000
184 185 1000000000
112 113 1000000000
100 99 1000000000
567 568 1000000000
482 483 1000000000
173 174 1000000000
37 38 1000000000
111 110 1000000000
176 175 1000000000
616 615 1000000000
299 298 1000000000
432 433 1000000000
787 786 1000000000
732 731 1000000000
917 916 1000000000
245 244 1000000000
528 527 1000000000
873 874 1000000000
868 869 1000000000
500 501 1000000000
427 428 1000000000
895 896 1000000000
980 979 1000000000
680 679 1000000000
449 448 1000000000
719 720 1000000000
126 127 1000000000
547 548 1000000000
575 574 1000000000
692 691 1000000000
654 655 1000000000
697 696 1000000000
446 445 1000000000
444 445 1000000000
526 525 1000000000
211 210 1000000000
839 840 1000000000
646 645 1000000000
671 672 1000000000
559 560 1000000000
147 146 1000000000
215 214 1000000000
774 775 1000000000
338 339 1000000000
129 128 1000000000
146 145 1000000000
983 982 1000000000
407 408 1000000000
234 235 1000000000
441 442 1000000000
372 373 1000000000
192 193 1000000000
977 978 1000000000
762 763 1000000000
685 684 1000000000
142 141 1000000000
98 99 1000000000
736 735 1000000000
40 41 1000000000
130 129 1000000000
805 806 1000000000
816 817 1000000000
133 134 1000000000
701 702 1000000000
882 883 1000000000
755 756 1000000000
954 953 1000000000
945 944 1000000000
360 359 1000000000
33 34 1000000000
694 693 1000000000
248 249 1000000000
54 53 1000000000
461 460 1000000000
356 357 1000000000
713 714 1000000000
832 833 1000000000
180 181 1000000000
232 231 1000000000
583 584 1000000000
768 769 1000000000
922 921 1000000000
282 283 1000000000
114 115 1000000000
650 649 1000000000
871 870 1000000000
246 247 1000000000
139 138 1000000000
856 857 1000000000
287 288 1000000000
376 377 1000000000
808 807 1000000000
342 343 1000000000
6 5 1000000000
468 467 1000000000
965 964 1000000000
561 560 1000000000
384 385 1000000000
12 13 1000000000
139 140 1000000000
385 386 1000000000
715 714 1000000000
956 955 1000000000
817 818 1000000000
539 540 1000000000
209 208 1000000000
523 524 1000000000
513 514 1000000000
222 221 1000000000
681 680 1000000000
368 367 1000000000
306 305 1000000000
500 499 1000000000
774 773 1000000000
849 850 1000000000
835 836 1000000000
2 1 1000000000
333 334 1000000000
468 469 1000000000
269 268 1000000000
374 375 1000000000
406 407 1000000000
408 409 1000000000
260 261 1000000000
532 531 1000000000
30 29 1000000000
330 329 1000000000
152 153 1000000000
185 186 1000000000
481 480 1000000000
701 700 1000000000
18 19 1000000000
22 23 1000000000
410 411 1000000000
373 374 1000000000
937 938 1000000000
431 430 1000000000
665 664 1000000000
987 986 1000000000
607 606 1000000000
294 295 1000000000
532 533 1000000000
593 594 1000000000
444 443 1000000000
839 838 1000000000
501 502 1000000000
515 516 1000000000
25 26 1000000000
66 67 1000000000
732 733 1000000000
387 388 1000000000
103 104 1000000000
954 955 1000000000
658 659 1000000000
151 150 1000000000
736 737 1000000000
428 429 1000000000
418 419 1000000000
932 933 1000000000
956 957 1000000000
11 12 1000000000
525 524 1000000000
798 799 1000000000
35 36 1000000000
55 54 1000000000
230 229 1000000000
456 455 1000000000
920 919 1000000000
276 277 1000000000
734 735 1000000000
351 352 1000000000
917 918 1000000000
355 356 1000000000
847 848 1000000000
341 342 1000000000
639 638 1000000000
805 804 1000000000
24 25 1000000000
772 773 1000000000
435 434 1000000000
676 677 1000000000
968 969 1000000000
720 721 1000000000
258 259 1000000000
504 505 1000000000
636 635 1000000000
137 138 1000000000
648 649 1000000000
620 619 1000000000
96 95 1000000000
151 152 1000000000
984 983 1000000000
621 622 1000000000
619 618 1000000000
564 565 1000000000
575 576 1000000000
179 180 1000000000
835 834 1000000000
473 472 1000000000
623 624 1000000000
221 220 1000000000
603 602 1000000000
824 825 1000000000
325 324 1000000000
589 588 1000000000
636 637 1000000000
127 128 1000000000
903 904 1000000000
343 344 1000000000
634 635 1000000000
576 577 1000000000
599 600 1000000000
176 177 1000000000
170 171 1000000000
447 446 1000000000
106 105 1000000000
779 778 1000000000
631 630 1000000000
495 494 1000000000
754 755 1000000000
820 821 1000000000
592 593 1000000000
7 8 1000000000
977 976 1000000000
291 290 1000000000
908 909 1000000000
971 970 1000000000
213 212 1000000000
765 764 1000000000
841 842 1000000000
328 327 1000000000
788 789 1000000000
776 775 1000000000
56 55 1000000000
86 85 1000000000
400 401 1000000000
284 285 1000000000
406 405 1000000000
998 997 1000000000
148 149 1000000000
612 613 1000000000
802 801 1000000000
629 628 1000000000
951 952 1000000000
