1000 1000
855 856 1
940 941 1
850 849 1
491 490 1
498 499 1
169 170 1
280 281 1
579 580 1
287 288 1
195 196 1
559 560 1
562 561 1
874 873 1
721 722 1
701 700 1
727 728 1
934 935 1
36 35 1
947 948 1
197 196 1
542 543 1
254 255 1
360 361 1
231 232 1
601 602 1
433 434 1
785 784 1
564 563 1
967 968 1
106 107 1
435 434 1
352 353 1
799 798 1
984 983 1
970 971 1
164 163 1
766 765 1
799 800 1
744 743 1
686 685 1
79 80 1
734 733 1
512 513 1
547 546 1
916 917 1
73 74 1
68 67 1
806 807 1
285 284 1
284 283 1
657 656 1
402 401 1
90 89 1
823 822 1
955 956 1
924 923 1
413 412 1
729 728 1
66 67 1
274 273 1
682 683 1
124 125 1
574 575 1
449 448 1
223 222 1
935 936 1
262 263 1
939 940 1
630 631 1
675 676 1
836 837 1
802 803 1
858 857 1
369 370 1
855 854 1
225 224 1
942 943 1
804 805 1
998 999 1
792 791 1
529 528 1
356 355 1
93 92 1
511 510 1
472 471 1
778 777 1
310 311 1
419 420 1
353 354 1
246 245 1
427 428 1
588 589 1
409 408 1
219 220 1
553 552 1
491 492 1
94 95 1
318 319 1
324 325 1
670 671 1
354 355 1
912 913 1
848 849 1
512 511 1
122 121 1
577 576 1
531 530 1
474 473 1
736 735 1
869 868 1
950 949 1
26 27 1
483 484 1
387 388 1
739 738 1
684 683 1
12 11 1
372 373 1
545 546 1
844 843 1
859 858 1
686 687 1
309 310 1
925 926 1
334 335 1
516 515 1
915 916 1
487 488 1
399 398 1
416 417 1
592 593 1
696 695 1
790 789 1
450 451 1
143 142 1
861 862 1
315 314 1
455 456 1
890 889 1
712 713 1
1000 1 1000000000
440 441 1
336 337 1
394 393 1
812 813 1
614 615 1
675 674 1
590 589 1
625 626 1
243 242 1
175 174 1
145 144 1
303 302 1
94 93 1
465 464 1
882 881 1
958 959 1
654 653 1
28 27 1
655 656 1
115 114 1
270 269 1
191 190 1
786 787 1
385 384 1
495 496 1
340 341 1
908 909 1
887 888 1
839 840 1
206 207 1
245 244 1
973 974 1
150 151 1
922 921 1
581 580 1
404 405 1
533 534 1
957 958 1
451 452 1
4 3 1
208 207 1
358 357 1
270 271 1
275 276 1
754 755 1
447 446 1
387 386 1
624 623 1
456 457 1
899 898 1
988 987 1
725 724 1
523 524 1
101 100 1
240 241 1
839 838 1
349 350 1
298 299 1
31 30 1
320 321 1
359 360 1
897 896 1
615 616 1
218 219 1
14 15 1
970 969 1
954 953 1
180 181 1
392 393 1
693 692 1
249 248 1
535 534 1
748 747 1
536 535 1
851 852 1
538 537 1
122 123 1
305 304 1
351 350 1
751 752 1
429 430 1
307 308 1
150 149 1
526 527 1
389 388 1
58 57 1
637 636 1
740 739 1
483 482 1
806 805 1
477 476 1
609 608 1
748 749 1
746 747 1
979 978 1
826 827 1
462 461 1
90 91 1
290 291 1
555 554 1
569 570 1
240 239 1
648 647 1
154 153 1
156 157 1
42 41 1
152 153 1
137 138 1
565 566 1
828 827 1
767 768 1
618 619 1
50 49 1
261 260 1
527 528 1
77 76 1
891 892 1
468 469 1
432 433 1
603 602 1
632 631 1
466 467 1
389 390 1
561 560 1
788 789 1
362 361 1
117 116 1
459 458 1
341 342 1
773 772 1
54 53 1
271 272 1
134 135 1
648 649 1
759 758 1
255 256 1
382 381 1
466 465 1
736 737 1
845 844 1
317 316 1
214 215 1
716 715 1
785 786 1
278 277 1
741 740 1
314 313 1
730 729 1
972 971 1
128 129 1
551 552 1
36 37 1
966 967 1
375 376 1
600 599 1
5 6 1
831 830 1
23 24 1
646 645 1
283 282 1
998 997 1
548 549 1
3 2 1
204 203 1
597 598 1
202 203 1
854 853 1
878 877 1
992 993 1
182 181 1
803 804 1
873 872 1
810 809 1
426 425 1
645 644 1
770 771 1
563 562 1
906 905 1
257 256 1
15 16 1
189 188 1
721 720 1
925 924 1
422 421 1
339 338 1
991 992 1
523 522 1
976 975 1
473 472 1
319 320 1
379 380 1
619 620 1
369 368 1
571 572 1
474 475 1
148 147 1
956 957 1
912 911 1
57 56 1
343 344 1
222 221 1
446 445 1
902 901 1
312 313 1
49 48 1
881 880 1
965 964 1
20 21 1
713 714 1
87 88 1
763 764 1
44 43 1
264 265 1
904 903 1
948 949 1
541 540 1
910 911 1
751 750 1
70 71 1
618 617 1
231 230 1
900 899 1
557 556 1
363 364 1
453 452 1
206 205 1
914 915 1
383 382 1
372 371 1
875 874 1
814 815 1
977 978 1
113 114 1
709 708 1
959 960 1
996 995 1
776 777 1
772 771 1
133 132 1
34 35 1
367 368 1
616 617 1
454 453 1
77 78 1
56 55 1
720 719 1
667 666 1
253 252 1
629 630 1
807 808 1
107 108 1
159 160 1
176 175 1
47 48 1
467 468 1
611 612 1
489 488 1
954 955 1
860 859 1
704 705 1
576 575 1
120 119 1
129 130 1
261 262 1
363 362 1
914 913 1
166 165 1
318 317 1
841 842 1
742 741 1
51 52 1
709 710 1
643 642 1
760 759 1
198 199 1
143 144 1
583 582 1
12 13 1
517 518 1
169 168 1
557 558 1
117 118 1
371 370 1
782 781 1
39 40 1
97 98 1
937 936 1
385 386 1
640 641 1
396 397 1
187 188 1
820 821 1
496 497 1
679 678 1
234 235 1
975 974 1
794 795 1
627 626 1
344 345 1
208 209 1
990 991 1
985 986 1
702 701 1
765 764 1
329 330 1
985 984 1
732 733 1
809 808 1
17 16 1
800 801 1
649 650 1
946 945 1
449 450 1
462 463 1
400 401 1
234 233 1
811 812 1
32 31 1
269 268 1
380 381 1
457 458 1
1000 999 1
667 668 1
965 966 1
299 300 1
604 605 1
573 572 1
58 59 1
886 887 1
493 492 1
63 62 1
40 41 1
366 367 1
593 594 1
24 25 1
38 39 1
173 172 1
164 165 1
136 135 1
184 183 1
819 820 1
110 109 1
687 688 1
413 414 1
349 348 1
432 431 1
964 963 1
776 775 1
894 895 1
327 328 1
637 638 1
622 623 1
263 264 1
783 784 1
624 625 1
13 14 1
846 845 1
161 160 1
876 875 1
444 443 1
485 484 1
497 498 1
666 665 1
228 227 1
897 898 1
216 215 1
279 278 1
357 356 1
706 705 1
301 302 1
627 628 1
569 568 1
745 744 1
599 598 1
417 418 1
532 531 1
9 10 1
69 68 1
182 183 1
257 258 1
1 2 1
810 811 1
106 105 1
962 963 1
817 816 1
674 673 1
296 297 1
941 942 1
423 422 1
503 502 1
99 98 1
69 70 1
515 514 1
761 762 1
185 184 1
172 171 1
136 137 1
64 65 1
582 581 1
81 80 1
83 84 1
392 391 1
247 246 1
124 123 1
220 221 1
689 688 1
659 660 1
968 969 1
553 554 1
761 760 1
994 993 1
395 396 1
894 893 1
420 421 1
846 847 1
285 286 1
585 584 1
636 635 1
892 893 1
306 307 1
331 332 1
412 411 1
377 378 1
938 939 1
52 53 1
5 4 1
829 828 1
525 526 1
287 286 1
101 102 1
944 943 1
697 696 1
86 87 1
976 977 1
112 111 1
289 290 1
242 241 1
885 884 1
891 890 1
162 163 1
213 214 1
654 655 1
946 947 1
95 96 1
778 779 1
796 795 1
460 461 1
953 952 1
258 259 1
218 217 1
928 929 1
415 416 1
44 45 1
139 140 1
567 568 1
405 406 1
71 72 1
762 763 1
154 155 1
607 606 1
330 331 1
860 861 1
767 766 1
339 340 1
585 586 1
594 595 1
934 933 1
228 229 1
7 6 1
78 79 1
681 682 1
321 322 1
390 391 1
676 677 1
447 448 1
335 336 1
814 813 1
566 567 1
43 42 1
673 672 1
884 883 1
791 790 1
423 424 1
944 945 1
539 540 1
112 113 1
691 692 1
409 410 1
927 928 1
346 345 1
597 596 1
83 82 1
23 22 1
951 952 1
865 864 1
770 769 1
643 644 1
469 470 1
901 900 1
60 61 1
876 877 1
100 99 1
716 717 1
646 647 1
505 506 1
564 565 1
607 608 1
224 223 1
243 244 1
863 864 1
588 587 1
937 938 1
825 824 1
217 216 1
634 635 1
990 989 1
880 879 1
84 85 1
104 103 1
125 126 1
788 787 1
980 979 1
824 823 1
856 857 1
334 333 1
660 661 1
28 29 1
383 384 1
681 680 1
596 595 1
982 983 1
867 866 1
690 689 1
65 66 1
797 798 1
439 438 1
326 327 1
75 76 1
479 480 1
170 171 1
54 55 1
119 118 1
418 419 1
323 324 1
628 629 1
840 841 1
905 904 1
394 395 1
482 481 1
168 167 1
185 186 1
544 545 1
504 505 1
22 21 1
429 428 1
309 308 1
425 424 1
918 917 1
724 723 1
403 404 1
549 550 1
494 493 1
503 504 1
851 850 1
210 209 1
815 816 1
480 481 1
670 669 1
200 201 1
604 603 1
232 233 1
548 547 1
722 723 1
364 365 1
613 612 1
818 817 1
455 454 1
717 718 1
699 698 1
288 289 1
476 475 1
879 878 1
146 147 1
18 17 1
577 578 1
131 130 1
19 18 1
230 229 1
609 610 1
74 75 1
792 793 1
726 725 1
714 715 1
508 509 1
578 579 1
514 513 1
831 832 1
753 752 1
973 972 1
699 700 1
847 848 1
530 529 1
97 96 1
793 794 1
519 518 1
737 738 1
227 226 1
303 304 1
533 532 1
297 298 1
342 343 1
346 347 1
251 250 1
375 374 1
91 92 1
442 441 1
541 542 1
437 436 1
109 108 1
64 63 1
703 702 1
348 347 1
621 622 1
192 191 1
293 292 1
590 591 1
252 251 1
359 358 1
142 141 1
543 544 1
30 29 1
781 780 1
672 671 1
870 869 1
638 639 1
519 520 1
443 442 1
268 267 1
539 538 1
600 601 1
837 838 1
440 439 1
680 679 1
633 632 1
782 783 1
652 651 1
997 996 1
329 328 1
274 275 1
131 132 1
918 919 1
863 862 1
34 33 1
922 923 1
141 140 1
88 89 1
249 250 1
583 584 1
248 247 1
293 294 1
32 33 1
373 374 1
611 610 1
987 986 1
500 499 1
711 710 1
732 731 1
407 406 1
826 825 1
757 758 1
551 550 1
128 127 1
932 933 1
821 822 1
895 896 1
852 853 1
292 291 1
634 633 1
478 477 1
366 365 1
180 179 1
521 520 1
780 779 1
166 167 1
116 115 1
225 226 1
253 254 1
204 205 1
211 212 1
834 833 1
337 338 1
295 296 1
842 843 1
653 652 1
525 524 1
11 10 1
403 402 1
506 507 1
189 190 1
186 187 1
835 834 1
501 502 1
487 486 1
280 279 1
378 379 1
907 906 1
193 192 1
818 819 1
774 773 1
574 573 1
267 266 1
305 306 1
237 238 1
133 134 1
982 981 1
178 179 1
426 427 1
537 536 1
50 51 1
315 316 1
651 650 1
25 26 1
926 927 1
377 376 1
883 882 1
556 555 1
558 559 1
902 903 1
690 691 1
614 613 1
871 872 1
149 148 1
522 521 1
198 197 1
72 73 1
127 126 1
20 19 1
910 909 1
712 711 1
620 621 1
516 517 1
592 591 1
661 662 1
695 694 1
587 586 1
438 437 1
86 85 1
500 501 1
211 210 1
47 46 1
193 194 1
110 111 1
158 157 1
868 867 1
663 662 1
351 352 1
102 103 1
769 768 1
8 7 1
706 707 1
774 775 1
195 194 1
658 657 1
889 888 1
9 8 1
326 325 1
659 658 1
37 38 1
162 161 1
272 273 1
796 797 1
962 961 1
333 332 1
570 571 1
697 698 1
704 703 1
435 436 1
871 870 1
301 300 1
750 749 1
829 830 1
931 930 1
708 707 1
836 835 1
414 415 1
459 460 1
885 886 1
486 485 1
236 235 1
757 756 1
802 801 1
399 400 1
734 735 1
408 407 1
471 470 1
105 104 1
950 951 1
158 159 1
642 641 1
920 919 1
495 494 1
200 199 1
445 444 1
684 685 1
265 266 1
174 173 1
743 742 1
177 178 1
727 726 1
489 490 1
678 677 1
312 311 1
605 606 1
397 398 1
664 663 1
832 833 1
693 694 1
921 920 1
60 59 1
756 755 1
138 139 1
908 907 1
152 151 1
236 237 1
322 323 1
431 430 1
276 277 1
980 981 1
121 120 1
989 988 1
281 282 1
478 479 1
295 294 1
930 929 1
669 668 1
640 639 1
259 260 1
176 177 1
508 507 1
213 212 1
62 61 1
994 995 1
510 509 1
46 45 1
865 866 1
201 202 1
961 960 1
145 146 1
82 81 1
746 745 1
731 730 1
156 155 1
931 932 1
665 664 1
719 718 1
753 754 1
238 239 1
464 463 1
410 411 1
