1000 999
621 622 1
309 308 1
655 654 1
800 801 1
860 859 1
150 151 1
710 709 1
424 423 1
123 124 1
438 439 1
398 397 1
70 71 1
585 584 1
740 741 1
74 73 1
463 464 1
472 471 1
670 669 1
375 376 1
712 713 1
596 597 1
510 511 1
232 231 1
204 205 1
682 683 1
239 240 1
496 495 1
64 63 1
812 813 1
941 942 1
443 442 1
164 163 1
307 308 1
877 878 1
146 145 1
768 767 1
498 499 1
504 505 1
725 726 1
224 225 1
27 28 1
874 875 1
151 152 1
461 460 1
515 516 1
162 161 1
47 48 1
455 454 1
342 343 1
91 92 1
15 16 1
179 178 1
147 148 1
128 127 1
139 138 1
330 329 1
613 612 1
496 497 1
683 684 1
107 106 1
117 116 1
299 298 1
462 463 1
832 831 1
483 482 1
999 998 1
678 679 1
677 676 1
358 359 1
351 350 1
51 50 1
137 138 1
419 418 1
550 549 1
104 105 1
819 818 1
202 201 1
973 974 1
471 470 1
52 51 1
899 900 1
785 784 1
741 742 1
823 824 1
535 536 1
288 289 1
194 193 1
211 210 1
775 776 1
643 644 1
263 264 1
914 913 1
449 448 1
849 848 1
603 604 1
341 340 1
961 962 1
102 101 1
235 236 1
479 480 1
838 839 1
832 833 1
513 512 1
493 492 1
755 754 1
171 170 1
697 698 1
200 201 1
979 978 1
518 517 1
991 992 1
869 868 1
325 326 1
929 930 1
795 794 1
634 635 1
371 372 1
60 59 1
360 359 1
851 850 1
382 381 1
422 423 1
570 571 1
918 919 1
259 258 1
583 582 1
403 402 1
917 916 1
822 823 1
48 49 1
353 354 1
447 448 1
529 530 1
922 921 1
136 135 1
75 74 1
289 290 1
921 920 1
971 972 1
740 739 1
206 205 1
625 626 1
564 565 1
134 133 1
501 502 1
539 538 1
623 624 1
871 870 1
132 133 1
599 598 1
413 414 1
715 714 1
888 887 1
568 569 1
339 340 1
96 97 1
721 720 1
872 871 1
761 762 1
815 814 1
438 437 1
987 988 1
978 977 1
40 39 1
246 245 1
748 749 1
693 692 1
818 817 1
60 61 1
656 655 1
737 738 1
84 83 1
459 458 1
527 528 1
788 789 1
948 947 1
594 593 1
914 915 1
445 446 1
572 573 1
68 69 1
13 14 1
663 662 1
987 986 1
144 143 1
270 269 1
113 114 1
819 820 1
712 711 1
386 387 1
94 95 1
450 451 1
56 57 1
371 370 1
52 53 1
886 885 1
649 650 1
953 952 1
79 80 1
195 196 1
797 798 1
559 560 1
473 472 1
204 203 1
930 931 1
751 750 1
14 15 1
912 911 1
412 413 1
126 125 1
590 589 1
851 852 1
994 993 1
690 689 1
966 965 1
558 559 1
588 589 1
933 932 1
894 893 1
773 772 1
444 443 1
588 587 1
721 722 1
273 272 1
141 142 1
435 436 1
184 185 1
999 1000 1
161 160 1
829 830 1
786 787 1
81 80 1
808 809 1
864 863 1
583 584 1
331 332 1
312 311 1
355 356 1
171 172 1
3 2 1
720 719 1
103 102 1
4 3 1
547 546 1
636 637 1
461 462 1
554 553 1
772 771 1
533 534 1
988 989 1
805 806 1
334 333 1
695 694 1
774 775 1
110 109 1
296 297 1
820 821 1
633 632 1
9 10 1
975 974 1
227 228 1
731 730 1
953 954 1
452 453 1
856 857 1
373 374 1
804 803 1
294 293 1
766 765 1
485 484 1
4 5 1
206 207 1
262 263 1
757 756 1
79 78 1
855 854 1
192 193 1
255 254 1
93 94 1
897 898 1
45 44 1
513 514 1
699 698 1
442 441 1
850 849 1
152 153 1
889 888 1
244 243 1
647 648 1
714 713 1
969 968 1
469 470 1
757 758 1
634 633 1
392 393 1
89 88 1
213 214 1
510 509 1
240 241 1
862 861 1
744 745 1
952 951 1
388 387 1
7 6 1
931 932 1
59 58 1
121 122 1
46 47 1
609 610 1
306 307 1
531 532 1
226 225 1
792 793 1
374 375 1
232 233 1
370 369 1
363 364 1
188 187 1
913 912 1
785 786 1
229 228 1
821 822 1
541 542 1
422 421 1
638 637 1
268 267 1
146 147 1
430 429 1
769 770 1
540 539 1
430 431 1
224 223 1
613 614 1
954 955 1
610 611 1
836 837 1
369 368 1
173 174 1
618 617 1
625 624 1
181 182 1
141 140 1
345 346 1
196 197 1
732 731 1
608 607 1
334 335 1
69 70 1
64 65 1
456 455 1
159 160 1
261 260 1
971 970 1
531 530 1
920 919 1
710 711 1
548 549 1
358 357 1
959 960 1
155 156 1
473 474 1
815 816 1
175 174 1
614 615 1
222 223 1
685 684 1
277 276 1
535 534 1
836 835 1
157 158 1
11 12 1
191 190 1
729 728 1
784 783 1
21 22 1
743 742 1
706 707 1
759 760 1
428 427 1
751 752 1
135 134 1
834 833 1
407 408 1
837 838 1
348 349 1
227 226 1
431 432 1
456 457 1
212 213 1
1 2 1
574 573 1
918 917 1
874 873 1
124 125 1
378 377 1
706 705 1
55 56 1
933 934 1
631 630 1
392 391 1
105 106 1
377 376 1
25 24 1
878 879 1
967 968 1
940 939 1
336 335 1
801 802 1
391 390 1
406 407 1
951 950 1
995 996 1
215 214 1
982 981 1
862 863 1
966 967 1
673 674 1
857 858 1
366 367 1
119 120 1
383 382 1
38 37 1
503 502 1
465 466 1
665 666 1
936 935 1
400 399 1
508 509 1
500 499 1
642 643 1
245 244 1
207 208 1
297 298 1
349 350 1
876 877 1
915 916 1
736 735 1
896 895 1
187 186 1
571 572 1
566 565 1
577 578 1
958 959 1
825 826 1
361 360 1
257 258 1
420 421 1
703 702 1
943 942 1
319 318 1
675 674 1
528 529 1
287 288 1
235 234 1
745 746 1
867 868 1
597 598 1
964 963 1
439 440 1
788 787 1
86 87 1
845 846 1
564 563 1
477 478 1
542 543 1
527 526 1
908 909 1
261 262 1
680 681 1
195 194 1
38 39 1
344 343 1
705 704 1
200 199 1
436 437 1
110 111 1
861 860 1
972 973 1
21 20 1
540 541 1
718 717 1
154 153 1
544 545 1
490 491 1
221 222 1
734 735 1
688 689 1
826 827 1
747 748 1
672 671 1
404 403 1
300 301 1
642 641 1
800 799 1
180 181 1
570 569 1
328 329 1
84 85 1
386 385 1
36 35 1
949 950 1
789 790 1
592 593 1
866 865 1
230 229 1
844 845 1
103 104 1
926 927 1
145 144 1
216 215 1
910 909 1
493 494 1
489 490 1
396 395 1
576 577 1
687 688 1
938 939 1
739 738 1
586 587 1
816 817 1
250 251 1
600 601 1
699 700 1
761 760 1
55 54 1
776 777 1
275 276 1
905 904 1
166 167 1
475 476 1
700 701 1
364 365 1
476 477 1
32 31 1
164 165 1
941 940 1
716 715 1
896 897 1
239 238 1
478 479 1
783 782 1
449 450 1
504 503 1
378 379 1
491 492 1
847 846 1
43 44 1
619 620 1
255 256 1
501 500 1
218 219 1
555 556 1
425 424 1
872 873 1
250 249 1
271 272 1
148 149 1
733 734 1
605 604 1
575 576 1
828 829 1
729 730 1
11 10 1
284 285 1
592 591 1
885 884 1
708 707 1
722 723 1
771 770 1
89 90 1
482 481 1
351 352 1
83 82 1
75 76 1
71 72 1
947 946 1
447 446 1
283 282 1
907 906 1
330 331 1
524 525 1
995 994 1
866 867 1
893 892 1
646 645 1
53 54 1
810 809 1
606 605 1
444 445 1
189 190 1
563 562 1
736 737 1
651 652 1
305 306 1
17 18 1
178 177 1
317 316 1
778 777 1
352 353 1
796 797 1
908 907 1
86 85 1
180 179 1
948 949 1
552 551 1
394 393 1
727 726 1
111 112 1
216 217 1
523 524 1
158 159 1
923 924 1
993 992 1
68 67 1
805 804 1
903 904 1
305 304 1
667 668 1
91 90 1
990 989 1
724 723 1
43 42 1
417 416 1
42 41 1
881 880 1
484 483 1
970 969 1
249 248 1
827 828 1
41 40 1
184 183 1
911 910 1
696 697 1
396 397 1
480 481 1
221 220 1
259 260 1
575 574 1
321 320 1
281 282 1
131 132 1
468 469 1
78 77 1
345 344 1
848 847 1
16 17 1
701 702 1
752 753 1
454 453 1
415 414 1
168 167 1
982 983 1
807 808 1
677 678 1
567 566 1
656 657 1
658 657 1
842 843 1
899 898 1
311 310 1
520 519 1
889 890 1
36 37 1
318 317 1
946 945 1
900 901 1
686 687 1
295 294 1
811 812 1
168 169 1
965 964 1
302 303 1
518 519 1
672 673 1
835 834 1
98 97 1
242 241 1
381 380 1
649 648 1
690 691 1
143 142 1
188 189 1
886 887 1
286 285 1
841 842 1
6 5 1
88 87 1
35 34 1
18 19 1
115 116 1
670 671 1
865 864 1
661 660 1
379 380 1
580 579 1
708 709 1
342 341 1
558 557 1
279 278 1
27 26 1
337 336 1
983 984 1
957 956 1
130 129 1
418 417 1
295 296 1
980 981 1
256 257 1
466 467 1
426 425 1
182 183 1
452 451 1
77 76 1
236 237 1
265 266 1
338 337 1
127 126 1
934 935 1
580 581 1
682 681 1
743 744 1
779 780 1
759 758 1
754 753 1
269 268 1
984 985 1
129 128 1
217 218 1
412 411 1
764 765 1
694 693 1
316 315 1
368 367 1
12 13 1
936 937 1
537 538 1
202 203 1
198 197 1
365 366 1
996 997 1
891 892 1
19 20 1
390 389 1
252 253 1
901 902 1
7 8 1
506 505 1
131 130 1
57 58 1
99 100 1
325 324 1
975 976 1
162 163 1
622 623 1
595 596 1
926 925 1
230 231 1
406 405 1
460 459 1
906 905 1
346 347 1
169 170 1
881 882 1
210 209 1
663 664 1
844 843 1
67 66 1
779 778 1
398 399 1
662 661 1
300 299 1
695 696 1
733 732 1
155 154 1
314 315 1
533 532 1
750 749 1
628 629 1
840 841 1
825 824 1
404 405 1
665 664 1
247 246 1
61 62 1
323 322 1
653 652 1
301 302 1
50 49 1
814 813 1
603 602 1
99 98 1
764 763 1
30 31 1
769 768 1
522 523 1
165 166 1
922 923 1
287 286 1
925 924 1
277 278 1
626 627 1
616 615 1
113 112 1
475 474 1
552 553 1
435 434 1
521 522 1
607 606 1
384 383 1
875 876 1
650 651 1
903 902 1
312 313 1
647 646 1
957 958 1
636 635 1
363 362 1
117 118 1
621 620 1
433 434 1
362 361 1
601 602 1
280 279 1
395 394 1
119 118 1
660 659 1
516 517 1
410 411 1
457 458 1
402 401 1
561 562 1
585 586 1
419 420 1
199 198 1
568 567 1
95 96 1
667 666 1
659 658 1
811 810 1
506 507 1
641 640 1
109 108 1
608 609 1
557 556 1
495 494 1
242 243 1
324 323 1
703 704 1
581 582 1
25 26 1
685 686 1
630 629 1
237 238 1
756 755 1
29 28 1
389 388 1
332 333 1
961 960 1
401 400 1
858 859 1
274 275 1
724 725 1
985 986 1
385 384 1
310 309 1
870 869 1
628 627 1
354 355 1
791 792 1
339 338 1
669 668 1
938 937 1
464 465 1
617 616 1
291 290 1
719 718 1
548 547 1
72 73 1
526 525 1
429 428 1
997 998 1
248 247 1
644 645 1
408 409 1
356 357 1
515 514 1
640 639 1
62 63 1
100 101 1
692 691 1
426 427 1
977 976 1
327 326 1
520 521 1
536 537 1
631 632 1
856 855 1
441 440 1
945 944 1
956 955 1
291 292 1
264 265 1
220 219 1
831 830 1
595 594 1
156 157 1
273 274 1
802 803 1
790 791 1
409 410 1
93 92 1
372 373 1
33 32 1
612 611 1
485 486 1
251 252 1
34 33 1
115 114 1
122 123 1
929 928 1
990 991 1
891 890 1
253 254 1
121 120 1
782 781 1
560 561 1
172 173 1
654 653 1
773 774 1
293 292 1
766 767 1
979 980 1
192 191 1
883 882 1
884 883 1
22 23 1
498 497 1
511 512 1
347 348 1
416 415 1
280 281 1
880 879 1
304 303 1
807 806 1
762 763 1
799 798 1
137 136 1
9 8 1
46 45 1
962 963 1
600 599 1
30 29 1
544 543 1
267 266 1
555 554 1
780 781 1
839 840 1
176 175 1
853 852 1
795 796 1
211 212 1
467 468 1
550 551 1
108 107 1
140 139 1
321 322 1
639 638 1
320 319 1
927 928 1
487 486 1
270 271 1
675 676 1
327 328 1
727 728 1
186 185 1
746 747 1
234 233 1
209 208 1
618 619 1
716 717 1
508 507 1
66 65 1
590 591 1
894 895 1
487 488 1
284 283 1
545 546 1
176 177 1
313 314 1
23 24 1
432 433 1
488 489 1
943 944 1
680 679 1
794 793 1
150 149 1
854 853 1
578 579 1
81 82 1
