1000 999
601 600 1000000000
255 254 1000000000
862 863 1000000000
216 215 1000000000
843 844 1000000000
854 853 1000000000
829 828 1000000000
81 80 1000000000
942 943 1000000000
276 277 1000000000
161 162 1000000000
415 416 1000000000
693 694 1000000000
881 882 1000000000
817 816 1000000000
81 82 1000000000
76 77 1000000000
697 696 1000000000
630 631 1000000000
133 134 1000000000
252 253 1000000000
720 721 1000000000
625 624 1000000000
915 914 1000000000
78 79 1000000000
834 833 1000000000
950 951 1000000000
64 65 1000000000
768 769 1000000000
681 682 1000000000
697 698 1000000000
662 661 1000000000
212 213 1000000000
979 978 1000000000
353 352 1000000000
730 731 1000000000
157 158 1000000000
870 871 1000000000
543 542 1000000000
195 196 1000000000
965 964 1000000000
249 250 1000000000
35 36 1000000000
522 521 1000000000
561 562 1000000000
930 929 1000000000
918 917 1000000000
949 950 1000000000
598 597 1000000000
405 406 1000000000
732 733 1000000000
696 695 1000000000
243 244 1000000000
57 56 1000000000
332 333 1000000000
397 398 1000000000
356 355 1000000000
781 782 1000000000
968 969 1000000000
393 392 1000000000
152 153 1000000000
979 980 1000000000
911 912 1000000000
244 245 1000000000
465 464 1000000000
926 925 1000000000
523 522 1000000000
150 149 1000000000
839 840 1000000000
163 164 1000000000
551 550 1000000000
524 523 1000000000
511 512 1000000000
336 335 1000000000
930 931 1000000000
497 498 1000000000
560 559 1000000000
801 800 1000000000
142 143 1000000000
41 42 1000000000
821 820 1000000000
179 178 1000000000
326 325 1000000000
274 273 1000000000
23 24 1000000000
722 721 1000000000
757 756 1000000000
50 49 1000000000
892 891 1000000000
269 268 1000000000
763 764 1000000000
281 280 1000000000
227 228 1000000000
858 857 1000000000
504 505 1000000000
639 638 1000000000
168 169 1000000000
713 712 1000000000
337 336 1000000000
907 908 1000000000
49 48 1000000000
447 448 1000000000
408 407 1000000000
285 286 1000000000
688 689 1000000000
784 783 1000000000
650 651 1000000000
513 512 1000000000
525 524 1000000000
741 740 1000000000
430 429 1000000000
114 115 1000000000
303 304 1000000000
981 982 1000000000
165 166 1000000000
599 600 1000000000
933 932 1000000000
983 982 1000000000
801 802 1000000000
299 300 1000000000
226 225 1000000000
573 574 1000000000
470 469 1000000000
880 879 1000000000
666 665 1000000000
751 750 1000000000
277 278 1000000000
854 855 1000000000
192 193 1000000000
529 528 1000000000
73 74 1000000000
404 405 1000000000
541 542 1000000000
823 824 1000000000
977 978 1000000000
971 972 1000000000
754 753 1000000000
443 444 1000000000
635 634 1000000000
916 917 1000000000
790 789 1000000000
293 294 1000000000
679 678 1000000000
576 575 1000000000
155 156 1000000000
282 281 1000000000
412 413 1000000000
661 660 1000000000
298 299 1000000000
637 638 1000000000
654 653 1000000000
435 434 1000000000
154 155 1000000000
896 897 1000000000
477 478 1000000000
390 391 1000000000
836 837 1000000000
896 895 1000000000
739 740 1000000000
331 332 1000000000
125 126 1000000000
786 787 1000000000
162 163 1000000000
456 457 1000000000
824 825 1000000000
180 181 1000000000
131 132 1000000000
529 530 1000000000
12 11 1000000000
660 659 1000000000
432 433 1000000000
815 816 1000000000
192 191 1000000000
108 107 1000000000
226 227 1000000000
114 113 1000000000
586 587 1000000000
936 937 1000000000
890 891 1000000000
616 615 1000000000
680 681 1000000000
742 741 1000000000
838 839 1000000000
906 907 1000000000
321 322 1000000000
718 717 1000000000
632 633 1000000000
868 869 1000000000
549 550 1000000000
755 756 1000000000
51 52 1000000000
14 15 1000000000
559 558 1000000000
588 587 1000000000
198 197 1000000000
314 313 1000000000
556 555 1000000000
956 955 1000000000
887 886 1000000000
463 464 1000000000
989 988 1000000000
604 605 1000000000
208 207 1000000000
173 174 1000000000
724 723 1000000000
461 460 1000000000
3 4 1000000000
987 988 1000000000
279 278 1000000000
255 256 1000000000
607 606 1000000000
23 22 1000000000
15 16 1000000000
67 66 1000000000
566 565 1000000000
103 104 1000000000
246 247 1000000000
818 819 1000000000
613 614 1000000000
877 878 1000000000
593 594 1000000000
983 984 1000000000
948 947 1000000000
770 769 1000000000
491 490 1000000000
858 859 1000000000
671 670 1000000000
706 705 1000000000
805 804 1000000000
775 776 1000000000
586 585 1000000000
616 617 1000000000
799 800 1000000000
222 223 1000000000
212 211 1000000000
484 485 1000000000
92 91 1000000000
370 369 1000000000
509 510 1000000000
795 796 1000000000
755 754 1000000000
125 124 1000000000
321 320 1000000000
555 554 1000000000
399 400 1000000000
572 571 1000000000
492 491 1000000000
904 903 1000000000
856 855 1000000000
439 438 1000000000
641 640 1000000000
867 866 1000000000
119 120 1000000000
577 578 1000000000
394 393 1000000000
993 992 1000000000
657 658 1000000000
383 384 1000000000
185 186 1000000000
627 628 1000000000
452 453 1000000000
357 358 1000000000
18 19 1000000000
306 305 1000000000
427 428 1000000000
890 889 1000000000
497 496 1000000000
288 289 1000000000
100 101 1000000000
135 134 1000000000
36 37 1000000000
58 59 1000000000
156 157 1000000000
262 263 1000000000
987 986 1000000000
882 883 1000000000
124 123 1000000000
623 622 1000000000
387 386 1000000000
893 894 1000000000
690 691 1000000000
589 588 1000000000
577 576 1000000000
374 375 1000000000
806 805 1000000000
841 842 1000000000
216 217 1000000000
494 495 1000000000
869 870 1000000000
106 107 1000000000
976 977 1000000000
540 539 1000000000
196 197 1000000000
762 763 1000000000
378 379 1000000000
845 844 1000000000
525 526 1000000000
410 409 1000000000
480 479 1000000000
311 312 1000000000
245 246 1000000000
533 532 1000000000
888 889 1000000000
26 27 1000000000
205 204 1000000000
338 339 1000000000
633 634 1000000000
777 778 1000000000
553 552 1000000000
913 914 1000000000
540 541 1000000000
488 487 1000000000
963 962 1000000000
885 886 1000000000
810 811 1000000000
39 40 1000000000
807 808 1000000000
679 680 1000000000
424 425 1000000000
645 644 1000000000
474 475 1000000000
203 204 1000000000
689 690 1000000000
712 711 1000000000
552 551 1000000000
263 264 1000000000
270 271 1000000000
462 461 1000000000
528 527 1000000000
412 411 1000000000
687 686 1000000000
826 825 1000000000
499 500 1000000000
257 258 1000000000
80 79 1000000000
943 944 1000000000
915 916 1000000000
974 973 1000000000
901 902 1000000000
711 710 1000000000
599 598 1000000000
466 465 1000000000
169 170 1000000000
284 285 1000000000
695 694 1000000000
989 990 1000000000
60 59 1000000000
481 480 1000000000
439 440 1000000000
367 366 1000000000
117 118 1000000000
331 330 1000000000
467 468 1000000000
420 421 1000000000
279 280 1000000000
583 582 1000000000
668 669 1000000000
291 292 1000000000
342 343 1000000000
136 135 1000000000
532 531 1000000000
749 748 1000000000
301 302 1000000000
823 822 1000000000
659 658 1000000000
850 849 1000000000
122 121 1000000000
726 725 1000000000
257 256 1000000000
802 803 1000000000
486 487 1000000000
938 939 1000000000
563 562 1000000000
128 127 1000000000
471 470 1000000000
514 515 1000000000
446 445 1000000000
580 581 1000000000
396 395 1000000000
656 657 1000000000
236 235 1000000000
738 739 1000000000
959 958 1000000000
622 621 1000000000
878 879 1000000000
76 75 1000000000
210 211 1000000000
692 691 1000000000
851 850 1000000000
764 765 1000000000
716 717 1000000000
250 251 1000000000
53 54 1000000000
288 287 1000000000
72 71 1000000000
78 77 1000000000
842 843 1000000000
3 2 1000000000
291 290 1000000000
957 956 1000000000
872 871 1000000000
736 735 1000000000
685 686 1000000000
506 507 1000000000
52 53 1000000000
632 631 1000000000
267 268 1000000000
605 606 1000000000
284 283 1000000000
160 159 1000000000
272 273 1000000000
240 241 1000000000
371 370 1000000000
501 500 1000000000
543 544 1000000000
46 47 1000000000
435 436 1000000000
436 437 1000000000
994 993 1000000000
287 286 1000000000
835 834 1000000000
249 248 1000000000
362 361 1000000000
655 654 1000000000
97 98 1000000000
322 323 1000000000
19 20 1000000000
780 779 1000000000
44 43 1000000000
38 37 1000000000
513 514 1000000000
188 189 1000000000
973 972 1000000000
505 506 1000000000
918 919 1000000000
55 54 1000000000
775 774 1000000000
61 62 1000000000
531 530 1000000000
875 876 1000000000
860 861 1000000000
301 300 1000000000
788 787 1000000000
738 737 1000000000
520 521 1000000000
307 306 1000000000
290 289 1000000000
729 730 1000000000
496 495 1000000000
189 190 1000000000
516 515 1000000000
912 913 1000000000
220 221 1000000000
219 220 1000000000
483 482 1000000000
757 758 1000000000
25 24 1000000000
999 1000 1000000000
363 362 1000000000
516 517 1000000000
595 594 1000000000
85 86 1000000000
797 796 1000000000
403 404 1000000000
4 5 1000000000
6 5 1000000000
488 489 1000000000
941 942 1000000000
190 191 1000000000
621 620 1000000000
345 346 1000000000
84 85 1000000000
131 130 1000000000
547 546 1000000000
747 746 1000000000
838 837 1000000000
806 807 1000000000
561 560 1000000000
819 820 1000000000
183 184 1000000000
442 441 1000000000
386 385 1000000000
937 938 1000000000
90 89 1000000000
310 311 1000000000
625 626 1000000000
176 177 1000000000
275 274 1000000000
728 729 1000000000
798 797 1000000000
368 367 1000000000
148 147 1000000000
546 545 1000000000
29 30 1000000000
761 762 1000000000
102 103 1000000000
984 985 1000000000
662 663 1000000000
253 254 1000000000
234 235 1000000000
231 230 1000000000
304 305 1000000000
564 565 1000000000
553 554 1000000000
33 34 1000000000
365 364 1000000000
579 580 1000000000
120 121 1000000000
324 325 1000000000
42 43 1000000000
743 744 1000000000
10 11 1000000000
849 848 1000000000
992 991 1000000000
345 344 1000000000
8 7 1000000000
123 122 1000000000
259 258 1000000000
493 494 1000000000
719 718 1000000000
18 17 1000000000
724 725 1000000000
880 881 1000000000
275 276 1000000000
569 570 1000000000
13 14 1000000000
309 310 1000000000
259 260 1000000000
60 61 1000000000
454 455 1000000000
618 619 1000000000
45 46 1000000000
330 329 1000000000
261 262 1000000000
904 905 1000000000
240 239 1000000000
421 422 1000000000
794 795 1000000000
866 865 1000000000
358 359 1000000000
376 377 1000000000
519 520 1000000000
473 474 1000000000
228 229 1000000000
88 87 1000000000
675 676 1000000000
73 72 1000000000
172 173 1000000000
159 158 1000000000
537 538 1000000000
518 517 1000000000
503 504 1000000000
791 792 1000000000
678 677 1000000000
293 292 1000000000
664 665 1000000000
337 338 1000000000
454 453 1000000000
100 99 1000000000
808 809 1000000000
319 320 1000000000
207 206 1000000000
419 420 1000000000
537 536 1000000000
92 93 1000000000
812 811 1000000000
772 773 1000000000
701 702 1000000000
981 980 1000000000
585 584 1000000000
391 392 1000000000
548 549 1000000000
350 349 1000000000
200 199 1000000000
232 233 1000000000
297 298 1000000000
760 759 1000000000
35 34 1000000000
209 210 1000000000
181 182 1000000000
503 502 1000000000
940 939 1000000000
952 951 1000000000
971 970 1000000000
723 722 1000000000
884 885 1000000000
70 71 1000000000
225 224 1000000000
324 323 1000000000
582 581 1000000000
610 609 1000000000
142 141 1000000000
788 789 1000000000
831 832 1000000000
307 308 1000000000
128 129 1000000000
172 171 1000000000
442 443 1000000000
557 558 1000000000
400 401 1000000000
174 175 1000000000
618 617 1000000000
214 215 1000000000
664 663 1000000000
86 87 1000000000
533 534 1000000000
612 613 1000000000
608 607 1000000000
205 206 1000000000
572 573 1000000000
909 908 1000000000
168 167 1000000000
809 810 1000000000
965 966 1000000000
146 145 1000000000
366 365 1000000000
184 185 1000000000
183 182 1000000000
433 434 1000000000
413 414 1000000000
591 592 1000000000
395 394 1000000000
316 315 1000000000
765 766 1000000000
693 692 1000000000
266 267 1000000000
63 62 1000000000
945 946 1000000000
995 996 1000000000
456 455 1000000000
329 328 1000000000
6 7 1000000000
698 699 1000000000
899 898 1000000000
28 29 1000000000
709 710 1000000000
417 418 1000000000
507 508 1000000000
818 817 1000000000
57 58 1000000000
148 149 1000000000
39 38 1000000000
865 864 1000000000
535 536 1000000000
737 736 1000000000
534 535 1000000000
237 236 1000000000
485 486 1000000000
187 186 1000000000
539 538 1000000000
187 188 1000000000
604 603 1000000000
997 996 1000000000
910 909 1000000000
104 105 1000000000
478 479 1000000000
813 812 1000000000
450 449 1000000000
472 471 1000000000
430 431 1000000000
194 195 1000000000
861 862 1000000000
592 593 1000000000
201 200 1000000000
597 596 1000000000
778 779 1000000000
700 699 1000000000
417 416 1000000000
136 137 1000000000
815 814 1000000000
947 946 1000000000
922 921 1000000000
317 318 1000000000
219 218 1000000000
998 997 1000000000
830 829 1000000000
349 348 1000000000
901 900 1000000000
705 704 1000000000
409 408 1000000000
373 374 1000000000
297 296 1000000000
707 708 1000000000
768 767 1000000000
967 966 1000000000
251 252 1000000000
105 106 1000000000
744 745 1000000000
684 683 1000000000
242 241 1000000000
146 147 1000000000
69 70 1000000000
397 396 1000000000
673 672 1000000000
424 423 1000000000
752 753 1000000000
672 671 1000000000
648 649 1000000000
926 927 1000000000
308 309 1000000000
648 647 1000000000
296 295 1000000000
609 608 1000000000
342 341 1000000000
905 906 1000000000
649 650 1000000000
771 770 1000000000
448 449 1000000000
328 327 1000000000
160 161 1000000000
831 830 1000000000
626 627 1000000000
713 714 1000000000
484 483 1000000000
677 676 1000000000
344 343 1000000000
498 499 1000000000
178 177 1000000000
113 112 1000000000
102 101 1000000000
340 341 1000000000
792 793 1000000000
615 614 1000000000
920 919 1000000000
571 570 1000000000
856 857 1000000000
894 895 1000000000
733 734 1000000000
171 170 1000000000
902 903 1000000000
116 117 1000000000
619 620 1000000000
767 766 1000000000
527 526 1000000000
899 900 1000000000
21 22 1000000000
333 334 1000000000
69 68 1000000000
440 441 1000000000
419 418 1000000000
463 462 1000000000
385 384 1000000000
519 518 1000000000
986 985 1000000000
428 429 1000000000
630 629 1000000000
602 603 1000000000
700 701 1000000000
476 477 1000000000
231 232 1000000000
708 709 1000000000
490 489 1000000000
377 378 1000000000
777 776 1000000000
749 750 1000000000
41 40 1000000000
359 360 1000000000
771 772 1000000000
482 481 1000000000
728 727 1000000000
501 502 1000000000
803 804 1000000000
596 595 1000000000
687 688 1000000000
852 851 1000000000
91 90 1000000000
126 127 1000000000
317 316 1000000000
55 56 1000000000
847 848 1000000000
995 994 1000000000
715 716 1000000000
961 960 1000000000
294 295 1000000000
373 372 1000000000
921 920 1000000000
748 747 1000000000
247 248 1000000000
314 315 1000000000
387 388 1000000000
645 646 1000000000
109 110 1000000000
270 269 1000000000
382 383 1000000000
732 731 1000000000
752 751 1000000000
138 137 1000000000
637 636 1000000000
223 224 1000000000
25 26 1000000000
922 923 1000000000
334 335 1000000000
164 165 1000000000
208 209 1000000000
601 602 1000000000
846 847 1000000000
674 673 1000000000
684 685 1000000000
283 282 1000000000
567 568 1000000000
780 781 1000000000
30 31 1000000000
229 230 1000000000
794 793 1000000000
964 963 1000000000
68 67 1000000000
785 784 1000000000
667 668 1000000000
411 410 1000000000
683 682 1000000000
931 932 1000000000
761 760 1000000000
167 166 1000000000
611 610 1000000000
17 16 1000000000
389 390 1000000000
509 508 1000000000
821 822 1000000000
883 884 1000000000
893 892 1000000000
265 264 1000000000
611 612 1000000000
853 852 1000000000
949 948 1000000000
153 154 1000000000
143 144 1000000000
261 260 1000000000
798 799 1000000000
201 202 1000000000
579 578 1000000000
144 145 1000000000
222 221 1000000000
32 31 1000000000
703 704 1000000000
375 376 1000000000
363 364 1000000000
447 446 1000000000
415 414 1000000000
97 96 1000000000
389 388 1000000000
318 319 1000000000
313 312 1000000000
959 960 1000000000
382 381 1000000000
33 32 1000000000
98 99 1000000000
590 591 1000000000
468 469 1000000000
927 928 1000000000
832 833 1000000000
347 346 1000000000
89 88 1000000000
118 119 1000000000
271 272 1000000000
84 83 1000000000
846 845 1000000000
217 218 1000000000
826 827 1000000000
151 150 1000000000
640 639 1000000000
653 652 1000000000
112 111 1000000000
354 355 1000000000
357 356 1000000000
836 835 1000000000
773 774 1000000000
976 975 1000000000
398 399 1000000000
641 642 1000000000
957 958 1000000000
652 651 1000000000
129 130 1000000000
910 911 1000000000
47 48 1000000000
923 924 1000000000
340 339 1000000000
954 955 1000000000
198 199 1000000000
51 50 1000000000
952 953 1000000000
368 369 1000000000
132 133 1000000000
726 727 1000000000
742 743 1000000000
628 629 1000000000
493 492 1000000000
432 431 1000000000
75 74 1000000000
28 27 1000000000
326 327 1000000000
94 95 1000000000
656 655 1000000000
636 635 1000000000
402 403 1000000000
897 898 1000000000
935 936 1000000000
65 66 1000000000
303 302 1000000000
234 233 1000000000
790 791 1000000000
179 180 1000000000
458 459 1000000000
266 265 1000000000
666 667 1000000000
589 590 1000000000
2 1 1000000000
868 867 1000000000
827 828 1000000000
445 444 1000000000
646 647 1000000000
945 944 1000000000
238 237 1000000000
93 94 1000000000
473 472 1000000000
9 8 1000000000
934 935 1000000000
967 968 1000000000
715 714 1000000000
929 928 1000000000
624 623 1000000000
545 544 1000000000
564 563 1000000000
95 96 1000000000
970 969 1000000000
877 876 1000000000
863 864 1000000000
239 238 1000000000
813 814 1000000000
872 873 1000000000
451 452 1000000000
782 783 1000000000
466 467 1000000000
703 702 1000000000
243 242 1000000000
785 786 1000000000
139 138 1000000000
874 875 1000000000
941 940 1000000000
108 109 1000000000
460 459 1000000000
372 371 1000000000
64 63 1000000000
139 140 1000000000
841 840 1000000000
213 214 1000000000
859 860 1000000000
402 401 1000000000
379 380 1000000000
111 110 1000000000
644 643 1000000000
962 961 1000000000
425 426 1000000000
974 975 1000000000
510 511 1000000000
176 175 1000000000
475 476 1000000000
998 999 1000000000
194 193 1000000000
44 45 1000000000
351 352 1000000000
934 933 1000000000
758 759 1000000000
20 21 1000000000
887 888 1000000000
115 116 1000000000
547 548 1000000000
426 427 1000000000
347 348 1000000000
720 719 1000000000
422 423 1000000000
360 361 1000000000
674 675 1000000000
354 353 1000000000
568 569 1000000000
575 574 1000000000
735 734 1000000000
82 83 1000000000
458 457 1000000000
567 566 1000000000
351 350 1000000000
12 13 1000000000
642 643 1000000000
9 10 1000000000
669 670 1000000000
202 203 1000000000
407 406 1000000000
873 874 1000000000
557 556 1000000000
924 925 1000000000
583 584 1000000000
438 437 1000000000
990 991 1000000000
746 745 1000000000
380 381 1000000000
450 451 1000000000
141 140 1000000000
706 707 1000000000
151 152 1000000000
954 953 1000000000
