1000 1000
591 636 555547277
542 510 428477924
604 66 392235939
39 158 444951896
814 387 274696510
257 841 886276991
778 431 413514314
437 257 875786107
281 531 144226295
114 785 16847291
673 437 911087972
256 171 307711652
457 69 709126679
283 937 255288286
657 649 647290813
546 425 685108415
54 353 210169508
896 397 533972526
128 174 210492508
432 575 831470482
545 387 983762345
529 247 134109254
868 414 928195976
936 698 875648621
319 348 134290398
729 705 255160773
290 904 695759449
429 874 163435826
587 385 359932939
784 541 527195537
840 450 449892274
433 206 612057467
212 174 572140121
741 504 101048946
428 787 840945237
740 802 696980038
812 976 706788506
342 991 710479341
418 132 619203055
708 361 381995797
673 119 377585113
218 195 207853089
945 427 349659554
327 655 220514156
890 556 18071187
620 709 236477113
918 297 906645482
149 817 368369834
404 973 103005496
929 431 50075699
448 79 85854012
879 824 642414941
659 562 35367079
360 77 660215183
704 812 887066008
379 467 792880724
256 88 236559501
973 774 67109335
195 367 31601109
485 700 466499327
919 998 253695087
599 769 124364503
264 104 743635377
737 812 867258565
62 359 81905851
760 782 58238057
383 780 754156121
531 693 735859673
11 381 504895078
847 770 644402423
962 715 717825437
441 357 766262918
127 849 351757624
80 800 850767593
83 462 350866293
693 195 123264106
888 430 945367343
838 120 706834349
134 173 689844270
642 410 76970197
572 304 360547311
788 503 393195317
66 915 446135295
570 594 679300377
682 8 675667635
434 868 35566068
249 630 205564368
762 568 734271438
504 934 954766569
33 977 565335139
13 122 368780746
908 193 377600311
29 254 89773180
132 421 253256637
108 32 65841479
327 87 750228646
340 238 100345335
154 84 144865033
402 403 373536480
363 834 462912237
233 903 180127893
558 889 988967480
619 946 469933650
722 182 279152793
648 189 844011165
826 662 876354422
613 997 157724124
358 206 884150998
545 744 961166885
736 980 667904504
618 371 717425572
591 508 145809333
739 407 182181653
123 868 325090509
930 398 18418323
929 846 460613278
191 564 470798175
206 309 51311420
327 698 627715755
261 525 738303551
287 784 793793806
100 748 374337695
820 822 489487352
875 934 330196813
800 851 520363129
763 861 165311791
975 152 25667018
43 697 927949950
540 264 94625993
531 796 261551279
505 676 481763618
200 740 391179990
438 665 618025236
987 953 142149281
807 352 423837521
703 149 926977228
861 234 398760177
814 239 659886381
333 718 550331780
124 385 268295003
976 896 68763098
557 820 469451405
926 718 168064075
587 470 763125123
950 41 642653354
979 627 504384020
806 308 45160273
413 831 457049479
607 664 837594478
781 526 57793475
636 387 250884568
119 45 715358398
728 212 718464070
116 550 422794140
994 781 702948298
591 620 210849237
490 513 675383846
728 447 764493582
86 492 304728695
711 689 36688026
546 495 780083723
989 649 665555016
449 729 765982003
462 823 141521698
183 313 992235415
964 82 937680646
445 254 980304568
146 911 232148223
828 279 858459845
647 335 369772777
304 207 2831814
424 807 91557464
159 367 824490825
516 885 16710241
46 90 975996477
197 639 714925088
431 465 93763155
130 345 871961192
833 793 612751321
439 748 994957656
728 454 661628481
349 45 12162547
9 458 616836244
899 921 81814995
37 39 352132136
354 389 270718415
622 448 642586133
195 584 43710214
306 992 817090026
953 679 851106604
724 197 671137405
233 523 292187392
966 904 120243931
323 713 69618542
34 870 371428392
667 407 37366533
369 94 69802566
944 57 807057805
933 733 656908826
447 930 549575184
532 463 63653637
559 310 89367690
585 218 162164383
123 266 778119043
500 412 911091917
95 954 952805666
361 705 686145176
454 73 774695446
422 301 186488700
771 572 104378713
566 513 411133124
535 507 988905009
227 357 28849441
325 677 477045119
828 61 41676365
799 680 14605967
701 141 106817939
480 309 280459501
124 554 311096960
378 637 414773369
768 756 352886707
420 171 703109272
745 209 638952047
117 407 144542293
748 67 357908408
878 233 755409190
580 781 543700000
709 364 116282570
889 57 883280422
82 217 186183177
249 705 672145090
742 102 262594822
845 797 336643092
46 529 397134950
565 798 40943832
364 222 109793896
843 163 637833163
605 966 354461382
915 632 553267755
812 903 888544827
502 904 988032145
496 341 120180758
783 127 843624338
548 31 391022233
356 225 789209896
129 618 778945619
171 113 283769693
933 437 586209530
697 943 712613778
957 209 201889211
164 500 932321424
695 338 327018945
629 445 424376950
943 818 909762712
375 117 717118380
901 61 295892562
597 824 359355306
22 284 506308822
225 753 934235106
419 369 296776595
638 965 767801057
686 637 17388542
828 975 956497356
998 548 625555306
5 81 844510682
809 768 359031975
470 783 956126880
200 631 125514098
127 515 714428753
330 103 182459317
484 973 53773906
653 989 302330286
321 600 29962588
404 222 701683739
549 7 311707451
824 731 191092571
376 557 40403867
52 751 678260488
443 781 675315332
263 845 730211409
765 175 858964120
60 346 927643740
249 238 952895233
63 845 264769445
577 213 279919386
471 414 679043438
688 634 784949208
38 193 654726469
529 708 482844776
178 91 140456588
690 855 588212349
673 414 132650039
385 493 926352453
160 328 883037797
614 179 187254105
704 420 497812927
649 961 147278313
261 712 380392842
511 177 613910841
687 317 194856618
50 168 487985418
664 299 703772135
132 329 706731825
292 122 561713357
272 979 410252702
696 109 369088556
62 954 928768460
106 24 550710568
868 15 768793041
63 83 513641443
317 410 421745592
745 441 670216854
151 930 484552364
520 225 718120189
827 505 147110281
261 33 390945456
297 466 91272912
890 263 941096734
928 915 934957247
699 724 737736289
593 911 156613882
34 411 261174872
45 792 714397604
447 738 209925752
742 457 12296657
193 233 451950677
411 992 148070114
283 446 566349729
430 80 466230348
277 61 132976
800 627 121307259
356 280 74321869
566 763 497223252
467 680 686295357
841 622 101992923
142 656 737289803
300 577 202776118
741 280 374215161
966 842 449224303
238 872 372021807
72 169 741907744
979 636 343316211
744 318 695945995
770 165 6593298
465 268 487900748
928 172 116880075
525 363 856458203
421 931 409322677
726 575 62524368
434 892 893521916
655 723 942017586
820 399 481344622
727 981 129388357
718 491 834392243
680 431 866459581
158 47 816634654
287 331 92115759
361 888 376483537
932 257 442182146
832 444 185933972
293 178 903364795
316 511 161286283
61 819 567450187
145 872 238916387
478 701 908573464
840 553 916558871
472 814 273752604
166 938 71176205
859 932 372648574
676 520 477960299
814 263 744246276
190 956 88014667
759 786 532826193
440 332 682182234
98 42 135629361
470 637 512836711
127 403 52668377
802 922 27372185
442 271 271876667
147 49 652672570
120 374 407840623
103 683 206039749
962 416 172931217
281 663 82453679
593 38 30971537
184 670 733260406
218 962 340123534
256 592 541117455
279 682 145138803
368 17 948672661
210 343 153669797
748 922 59949790
501 756 897821797
134 986 689179807
412 546 742498031
521 63 443533497
540 285 83719648
44 325 46389222
602 206 928459466
245 481 383112172
661 798 959829268
458 330 389681262
635 823 125359956
420 560 664587339
577 967 16614896
769 81 116520612
581 158 902560445
467 248 429874522
769 479 132496869
908 206 404078439
477 89 560215548
208 896 916427913
931 893 654154898
232 341 594651351
306 361 431249178
473 687 529768958
563 33 143695415
876 49 11509282
532 127 564949224
659 278 306696388
461 899 760120301
513 61 971120212
728 540 867407735
454 49 22560971
552 45 645947091
940 397 483063984
978 86 542008957
914 397 896377302
76 494 594543384
903 830 968390137
574 528 825506124
564 655 755188310
675 182 957797388
234 352 345422477
248 386 823666187
977 618 788206904
13 867 229854331
685 841 304419083
997 26 143850487
743 962 950100519
1 541 154153671
479 976 243725590
991 883 76988904
533 224 516837927
45 864 997483598
678 453 428178005
570 211 65206631
801 138 101865038
404 610 44637961
968 677 519932802
158 518 689843823
140 438 304788155
712 526 569506895
171 40 687391005
951 831 526888759
22 827 76133253
953 477 714113215
882 416 930142167
121 688 367658617
270 105 444339387
58 852 54327201
585 53 391626426
915 936 2475087
952 790 533977
873 414 546481422
87 202 478109590
171 994 554899696
923 898 542933116
681 856 65618522
542 84 366448971
183 35 723143267
825 611 48513778
846 9 114855682
376 906 757215027
2 798 937466761
364 698 942438107
281 17 759835341
392 929 973934335
799 362 117570205
276 73 124462253
105 766 986093637
22 898 75108010
295 197 290765456
622 554 435757815
872 721 30022178
518 871 38762547
692 163 94281654
744 276 47425103
849 845 938516831
213 38 969439678
635 586 465560437
720 222 63502144
101 320 921932428
572 961 717271573
334 524 347381872
539 371 656924855
783 197 831352458
527 213 61802700
506 404 616385990
763 488 569630048
159 41 866144576
5 565 163280460
433 248 369141500
168 549 570660183
793 913 99627454
351 655 487421316
802 87 949923709
114 719 48105207
567 471 682533211
401 434 342592084
947 86 258478167
56 326 432699426
204 918 74366212
741 505 168937235
752 136 618658201
59 49 89631508
99 713 254141581
492 675 568434707
84 105 479672751
196 809 699704411
366 693 501747336
274 318 698310296
368 964 938999308
130 648 581127813
361 671 501872863
514 58 242163821
548 574 827563724
665 351 148142680
810 994 882539997
891 292 326426469
319 657 374121642
1000 13 178049398
921 239 64101530
325 339 482238318
799 902 410947043
646 968 547754977
40 476 652701049
592 121 138369296
205 621 549049392
704 14 702355282
542 786 215652892
439 110 955064004
391 616 935778352
937 663 869474136
93 627 342759767
995 152 377776828
177 800 1123880
605 334 593869104
106 828 340991869
102 312 254202722
861 838 215787696
540 840 859468453
955 996 468259113
196 585 690374903
373 728 970451027
19 178 76980641
951 927 103064324
933 359 132328613
662 447 246931576
87 84 161654651
468 831 991386268
78 294 358720451
1000 601 499838118
690 376 591035845
158 775 575015511
93 505 893393412
704 382 58161188
821 351 104061650
236 524 739165328
528 113 736586284
420 642 811730622
283 844 879333917
240 520 93514346
919 933 490537172
302 551 671451110
413 376 238500102
643 598 921251449
682 581 9061406
898 500 582514428
981 615 586104101
760 276 708473610
489 581 50226311
203 27 363396219
263 748 437451095
354 208 737647154
748 190 191358748
874 308 467770772
590 920 465640765
776 449 968821320
331 889 192354654
70 978 886305803
488 812 436318224
848 244 858161081
904 63 768864655
747 879 909406309
571 626 54240343
893 803 729120275
404 904 729179471
546 324 980879674
705 678 818581228
816 936 771729489
799 269 848787523
348 697 575648258
432 711 874217733
320 472 121609434
963 569 78044404
233 633 634531095
861 707 467727535
84 182 468441075
428 314 332519738
456 204 403989142
15 33 378012141
863 247 366658635
216 2 962405833
532 583 784021186
369 326 343733893
254 56 536635910
531 915 349542809
474 156 49471160
813 179 58065259
492 991 896240926
754 920 757860712
777 613 896418704
568 605 802362014
48 308 19902531
217 784 972895206
216 409 9969089
385 441 699590829
952 75 996832661
328 857 999409335
470 888 432153549
585 30 510019573
9 805 627748846
790 221 549384423
950 383 719930864
457 575 131794700
763 157 991872
309 512 778555543
330 530 394280542
850 777 419175842
724 429 298977209
137 638 639385722
386 116 54492931
532 51 415789807
456 884 607038085
548 433 506485691
888 211 673654206
228 290 362865281
317 49 142379581
463 695 585595799
28 151 259795262
712 846 395861045
186 947 792654348
105 877 657813692
953 724 172574982
595 442 918530059
388 647 38174201
447 462 613173441
184 166 645545130
981 530 328088448
308 93 925465750
32 812 503391508
40 252 947971128
8 180 537284309
382 659 415212503
825 617 494895781
313 970 571501939
957 573 272319788
743 655 698521688
153 221 505026872
788 485 799853556
160 286 434618141
541 650 826748259
119 141 395680124
186 720 118744739
280 433 836749166
107 875 416692772
505 287 638192080
867 658 65435573
790 371 628022266
944 593 748215010
390 849 285096003
536 112 339905558
196 280 532554352
884 313 183359664
165 411 730513218
645 611 519538538
210 275 583223472
552 403 217573085
791 86 190819459
695 154 416423718
762 274 713853377
448 35 480182561
852 471 706461360
815 919 568944526
421 540 440524759
898 205 735474497
524 184 545420990
682 266 139322965
578 645 508698868
440 68 318407099
753 532 752050250
640 86 784271792
513 520 164484907
497 993 133976585
679 221 445785951
267 688 967985780
2 722 192364948
25 387 384041255
11 891 851529270
682 764 899884020
68 840 521247056
865 651 557718056
322 954 648284338
877 4 674352000
987 163 575224311
487 517 845240318
963 439 321702136
108 507 34637410
717 979 509073945
888 377 932889052
668 756 788879339
642 867 829820431
712 16 576613619
13 196 998854094
871 167 514875000
517 543 791398515
360 178 424719290
608 541 156465257
899 195 18789437
710 637 175844526
160 971 595428115
785 260 964396464
11 233 372937721
414 909 598732501
591 472 95350514
858 329 478601255
155 924 76208641
819 60 664252093
5 200 802181448
737 532 315996918
438 272 718350902
931 140 139228916
544 10 50334674
952 719 488913551
37 841 473619701
827 119 863747637
921 973 132040144
879 260 81934202
782 370 374737992
560 277 730279993
849 704 274094782
125 811 757464302
557 317 688169448
102 970 646419818
775 223 944424389
800 489 42989554
144 275 296770731
172 287 609134170
23 849 576025414
812 111 64499821
637 936 137898077
647 465 681682901
635 295 951747342
49 258 21832960
959 464 24345504
769 701 95340456
285 695 707015726
426 62 374884173
214 117 977483311
942 701 336279070
525 847 607553317
514 567 257920723
928 58 476320133
962 597 364342521
191 482 700170014
903 947 487893575
180 538 270392110
530 628 597999268
463 49 231029993
163 684 724311125
749 283 660321489
801 577 697737127
13 570 873158654
229 333 410181148
546 879 226432319
460 7 45377365
746 63 718462524
733 870 454690314
934 683 267706102
412 427 428910744
907 575 6102822
388 847 643409835
90 352 598350653
870 558 237639427
83 348 634492360
221 487 11346171
328 586 759281644
752 381 204905478
662 556 940431752
140 397 403916378
881 260 420331475
286 207 650132925
928 803 570001430
257 341 83015170
323 296 415846544
635 307 192675996
543 99 479095134
48 636 643971883
161 892 357696567
21 18 95204486
147 403 908079393
669 589 14936990
561 156 817260992
507 547 741325925
300 791 711261480
897 247 480182283
51 962 352545103
678 574 98556411
856 436 406314234
686 264 376494361
449 136 405701357
783 546 102519893
473 179 940186256
542 641 75674681
169 851 335601772
212 402 11474138
523 277 590734134
336 437 747430492
553 643 38691478
608 385 469165332
789 467 69419735
156 640 731150941
38 976 844237456
781 108 346485761
293 594 266115405
535 821 373677491
95 164 273424473
425 936 452399507
28 439 388814818
638 394 5864233
836 141 56932505
809 821 910249108
631 882 909258153
485 751 920227333
939 463 448268580
829 783 776487278
40 880 863539999
331 385 39596140
987 738 976352115
472 344 501439039
473 794 742851239
970 82 619302271
649 499 442853749
643 610 803666444
124 28 747098007
275 879 859662639
751 741 174624915
186 648 242184170
571 49 48031016
160 834 839840399
365 641 499586260
484 661 55393564
593 205 420036480
209 594 417243096
461 544 135941173
489 93 487731573
126 672 357188047
996 362 374329606
831 417 622904505
399 560 445337540
393 937 800084242
62 964 29762959
869 455 12944591
927 858 178439947
263 289 847511201
681 294 963301692
832 676 47070860
88 647 193651322
574 789 48601486
765 110 621409773
351 957 762358257
485 327 316515723
118 231 613529357
556 681 593532406
803 686 235611135
784 122 292349707
33 43 405615438
726 328 141892102
743 350 702912523
468 627 69646453
701 911 621768337
733 937 561276984
372 622 991508065
385 307 126777766
604 994 478511484
853 691 548127408
842 833 846768079
70 761 536766817
431 1000 379451868
235 895 104199621
214 295 127723301
295 934 169875034
542 916 383746123
254 285 889531433
187 268 797923478
320 253 336454020
899 365 950030987
347 87 330748599
812 969 1133777
218 951 883402672
479 589 44453943
487 330 793978218
256 464 99133656
76 219 608940916
776 971 579935590
950 521 348518666
747 343 885839440
740 250 956182159
299 39 669497315
673 285 414189966
185 744 14752734
601 114 386142990
675 489 411210044
233 986 260368081
509 482 241493077
775 143 53966232
644 812 904843399
408 726 404966038
876 881 719919327
294 96 282910283
234 221 538438253
564 897 280126037
828 788 302586717
3 477 611843688
540 436 489575204
704 115 746172224
452 235 353354722
625 758 963241408
325 341 107216826
344 41 500769316
425 955 772387833
351 962 136699888
216 608 561716755
216 653 653953798
127 85 219827432
290 947 725574968
986 139 332293345
784 436 486761330
241 118 674935730
732 747 598370198
300 378 207539396
858 736 998098937
342 558 459513042
671 466 924661991
455 473 233146390
22 163 150673780
291 100 234377690
452 43 930864827
563 598 471391967
149 736 529744739
179 571 119741021
812 87 286648583
546 199 686241137
322 914 70853396
920 379 205921674
590 29 857278901
673 891 451221669
733 1 377855923
713 690 871579992
875 557 931918170
612 112 663421787
965 726 796711605
144 167 80226305
576 354 763369809
744 582 13588147
431 997 848362771
895 142 711352179
172 132 446503369
849 557 567677905
90 515 773199793
766 224 264565166
805 877 427882423
44 970 528871997
43 717 699896786
483 387 93215889
848 410 983469425
665 801 405746422
440 21 528214558
224 803 307498942
852 290 436519993
588 907 410175333
407 154 813091344
347 427 10509588
553 10 768314416
595 828 53068656
39 887 737096349
81 245 515901872
590 64 535382779
39 591 295384037
