1000 1000
718 719 81904959
819 902 846365492
9 768 265223720
86 442 622353502
206 744 895078544
514 490 615879647
602 518 488977601
480 538 206773990
301 799 910808120
655 150 875456418
232 365 847423584
616 775 324436789
488 186 57157814
11 822 271474707
326 689 815860212
961 673 995524941
846 614 255863455
692 842 572741805
869 129 563912760
308 90 139248321
118 619 484519360
674 64 431575374
902 362 225282221
612 803 68158097
590 812 521464531
473 861 196509801
589 39 102752152
469 382 263289237
929 420 685698128
838 149 657820656
533 994 915857096
557 948 436423795
567 418 70478866
574 878 126854117
370 656 319235031
169 99 501830329
974 367 685140440
830 13 507194433
934 237 862512696
81 223 126320289
600 608 286398824
337 457 583566863
790 812 744222882
409 458 61971475
241 616 538027669
926 836 87596488
802 944 70222970
246 705 58491881
758 831 393679727
490 892 662642772
850 671 330298951
937 558 806198185
201 49 709654086
243 969 53511162
333 302 910081212
818 690 915779827
142 337 758832810
955 998 326067341
872 420 867374698
785 325 248345721
30 330 521614220
669 879 981372358
925 868 299092370
576 466 889736594
58 64 31337134
486 489 652841711
884 457 146666773
436 179 861583134
96 331 856942149
492 385 668853819
895 92 758826047
971 600 454568415
382 266 752197152
675 658 437474758
889 226 76764716
430 882 929466978
61 877 913557239
374 638 19196059
893 687 51218796
649 18 746451723
961 96 144115279
776 316 102648540
484 81 688716389
11 5 592482808
643 946 207363738
130 702 234724250
383 314 300196190
361 658 465234639
302 535 40577787
631 702 495608612
108 338 516555751
673 275 225750463
269 942 259139115
440 238 402800718
340 849 149558437
687 918 708070698
134 973 409608575
722 446 792937798
673 860 939946706
31 709 669594363
971 122 672113703
368 928 906908183
902 369 20643023
512 641 539199799
494 453 65403637
540 276 936436174
21 617 544288084
921 539 49694179
899 685 755737019
324 991 568439933
536 354 969933290
339 884 945930100
430 496 805886176
325 880 519727328
669 591 46437911
998 30 229319648
759 229 397628728
783 931 331941852
739 638 387474595
836 974 479715577
294 954 468047562
980 683 506725914
562 416 933589997
185 131 106215276
723 949 498962784
453 327 326097451
687 169 254896523
209 26 645448396
915 642 591320448
774 69 34061403
688 6 912019163
205 32 393179291
403 2 674175345
594 118 401703831
169 129 443844681
932 496 264335335
290 368 808532279
756 110 808330999
65 675 61837736
588 958 458038941
89 21 581801004
552 385 698418386
456 121 664927238
72 251 232166870
690 235 260663310
336 450 854602988
158 865 257123419
208 611 364763661
39 693 311229743
114 963 108233759
144 818 414378599
452 969 325032610
806 689 648457181
811 119 737323577
145 849 996560281
924 290 107766412
510 924 769865525
923 686 95280846
365 372 251596020
416 423 10626794
634 396 598629456
317 34 722540129
10 317 562886409
635 69 120211827
219 7 692807668
555 445 288786790
212 195 133532621
378 883 671681629
987 621 591235851
814 416 504509504
564 687 791483592
786 851 612239768
933 763 744267052
634 572 551236183
444 389 605056318
63 462 169037688
552 451 624669577
260 220 260554552
833 296 941151773
838 307 325148800
857 670 797521830
470 991 226900453
757 48 15601750
758 131 80024481
828 667 871770326
512 337 103909962
27 592 156212629
789 651 202576242
428 648 359078975
384 56 18236841
130 486 295593893
520 716 784971205
457 76 691349623
600 735 488541605
496 149 530821097
99 697 903815309
84 906 504379144
444 32 750273226
942 147 907373059
701 231 673787129
576 290 768312922
158 23 344590876
244 351 562493982
145 438 385979493
182 195 474145014
252 974 383042857
387 624 597117075
74 444 383737787
266 270 465746388
181 612 340835567
546 824 511208069
943 951 711412812
849 477 443136277
682 376 708382443
75 592 174608148
132 501 38144178
86 632 702349061
247 661 590260792
391 748 214599346
61 454 128038943
933 896 23821168
917 257 679471410
683 589 240400945
366 618 693375736
874 846 586408717
537 969 101078372
623 864 259146651
795 948 867579441
689 410 699231878
934 414 432963463
570 503 134094276
346 611 54217158
873 509 35720383
478 853 37651222
293 111 63539462
777 232 768890046
235 856 172634995
994 481 706969201
214 98 653799932
15 262 542062275
751 41 164227421
97 68 858349936
835 639 635985422
755 613 651199098
377 436 460776848
334 291 490095957
103 213 97029319
554 83 655891810
51 785 617930971
798 687 311918654
716 626 705756925
662 872 566469082
404 41 264770421
227 720 234114904
436 601 114397743
179 584 670165407
783 523 107259573
60 961 942928537
67 229 880849128
214 110 322884228
867 582 468130093
579 202 518660186
982 123 939787178
984 513 617048331
955 95 372143925
16 250 498210374
207 982 922094365
334 347 202283430
226 650 176109704
504 999 325658420
463 767 986896201
697 94 559871959
630 945 664806223
419 358 666001331
509 783 659652015
5 846 460833074
989 466 166236777
995 748 992416369
404 646 910360490
430 640 328551337
676 6 466533434
65 240 603077366
933 31 760128293
673 738 944083591
985 766 337524732
333 559 281237673
443 972 965896853
943 628 238558938
646 474 215487324
45 792 110514745
861 739 91742760
847 323 41817448
747 103 175639994
296 990 245563378
208 101 355335013
753 939 209196032
80 261 730596188
852 97 481528184
468 365 530019221
793 445 193468981
333 711 519302229
942 640 216210510
501 938 556374321
2 924 102466667
278 114 765510153
316 380 581110167
209 372 748402299
649 701 978448961
242 233 165911090
251 407 7096498
432 561 385947555
692 705 31641174
233 486 911798188
319 321 964989486
550 631 621409098
319 12 170607534
305 384 83857715
151 641 529318757
962 267 839895113
640 977 441462867
318 373 763372482
305 175 894332493
290 53 886031281
690 395 390550645
594 891 81361926
184 780 708122059
121 829 78520478
413 699 91258035
310 476 991601476
245 199 65956685
629 987 282198641
447 228 475215490
31 716 566992760
89 552 833216066
712 188 537222181
275 517 535698453
804 481 804824791
993 943 887304363
1000 781 68876794
609 643 735453920
130 952 36385188
538 382 733927225
33 207 887661675
108 493 861114627
568 314 303651491
930 246 936607621
289 661 626381217
622 432 602912754
496 293 613360144
593 972 251115029
414 411 719233506
518 512 389396349
860 439 50190415
806 684 48302417
145 531 430041103
312 295 179977913
433 283 991580895
546 48 94554332
571 943 753966470
877 250 563483844
932 673 232950561
236 766 205709192
475 811 169218965
172 436 798535071
863 991 787983864
673 618 515533833
998 457 916981225
978 501 807131528
633 926 639963991
483 1 203918233
485 230 137054257
226 294 681130421
541 630 245421453
505 82 97505137
949 507 975838528
760 347 602719234
618 164 932427271
799 53 465031110
1000 982 990182221
886 619 325279415
471 384 28880602
723 986 541350642
726 625 566620193
786 908 77888938
567 148 457711463
700 449 950948939
173 352 771846221
737 721 769262768
664 147 580475294
473 757 941717244
757 725 35233220
276 915 784561611
394 379 540528316
860 467 804129733
702 103 360864035
131 71 417199258
721 236 28063383
584 480 890814060
444 97 644845887
640 738 32822984
255 972 950986317
115 591 131914526
144 175 762588382
687 417 105621379
194 943 523866120
194 653 88055084
132 608 384305886
227 963 964657193
262 61 469213401
224 44 15945231
781 98 220984454
621 245 736646815
67 378 861172195
810 594 364196047
904 799 90496389
971 934 183670393
251 222 904364081
209 564 106395711
40 294 453571237
752 282 347863582
483 358 628816868
609 39 583458148
398 425 477591033
270 706 681656166
757 22 804184878
572 852 924424666
243 709 874705647
373 920 422538320
429 96 889469572
170 252 900663794
522 969 635260788
267 445 196170479
908 832 188161270
136 343 61256330
386 614 455857651
954 340 692325390
528 65 649150322
68 795 567932385
852 628 1196620
509 209 490459970
840 260 997980368
315 144 43128600
451 952 394452815
470 861 449991296
676 916 696519732
400 406 457420740
574 296 574574719
978 525 85732194
466 850 889468857
565 296 23582154
537 544 486145102
846 98 345421856
721 169 561385343
109 701 946957791
387 449 796955302
245 646 228753913
146 494 210805611
882 536 126658890
303 725 118016684
912 416 91315360
539 756 390052901
133 366 682619227
745 912 77771437
196 320 855670292
270 878 468092155
359 655 461925225
363 303 151424097
36 907 96521350
616 839 793970651
253 539 894928436
576 482 288034200
831 373 295396578
6 363 491443440
236 704 987873788
592 663 197444443
899 141 575607323
93 63 861976669
667 354 471800931
446 825 905015582
793 638 18392512
699 846 984727759
539 9 417261758
969 230 913855510
555 892 300494306
183 207 246624731
766 750 118275493
30 108 12772368
482 517 527539790
719 857 980082506
764 837 959816394
885 312 933847864
170 156 396386633
33 842 41557368
647 94 993216027
435 217 437469853
853 67 730138489
775 90 164068622
861 201 686396367
427 265 543998805
651 678 961440216
804 887 964477616
564 706 4958163
131 898 722301606
605 868 57662901
802 168 804602727
287 470 76141415
978 700 936968116
138 205 519741337
788 732 275297618
586 272 158948586
467 4 47423447
829 171 535117876
914 984 474421801
811 992 483155368
195 927 500914290
787 311 3267037
354 890 597054953
325 808 139349731
115 514 848069690
540 359 192959886
776 809 86966802
886 731 466314615
270 591 762985210
957 203 153391407
437 979 26908042
79 219 523945047
562 94 358157570
210 21 658052738
12 615 128230659
726 703 436287055
725 626 127948249
724 212 131310144
852 673 790667367
161 501 746500846
713 223 115160540
589 705 924973019
36 297 614256251
27 638 107939952
186 845 825615181
534 764 89284513
106 708 713554158
10 178 263030368
485 689 862614158
734 842 291520361
735 182 199265658
161 486 352960477
931 781 519119309
628 521 228673042
169 705 709447890
210 122 70873543
363 129 175450087
555 341 833022272
495 370 456153443
565 221 764971167
998 376 511453242
518 904 545265788
166 901 192370213
406 971 446898339
375 807 946287934
183 855 557556986
571 266 14831114
34 429 454470822
2 141 486269049
224 250 218824432
808 108 87414086
877 859 266111461
847 547 698328702
226 579 279325408
626 723 53393219
910 169 699519561
852 903 384773329
902 83 635339105
24 790 618346182
832 920 177546440
36 947 449334025
4 637 955854882
633 506 179567833
754 61 82313400
130 358 522565801
750 724 932952701
430 104 960991144
909 440 115179718
104 90 259366187
499 267 54268350
553 76 99300076
935 177 553578794
959 664 848193763
707 118 45329274
277 476 865898813
974 43 649582727
607 987 536760293
997 837 137258390
416 899 24900276
584 31 429050257
683 971 785626040
182 260 900539847
352 619 446098608
396 576 513913160
542 722 488262934
786 141 117275400
53 591 567199950
889 570 791116280
560 258 741870667
375 1000 943501229
421 44 877969490
481 654 278556094
74 840 784246861
349 288 536164277
213 264 385815124
52 417 235347639
449 283 262473630
619 215 194139491
578 205 19916905
880 590 266303228
151 276 293124509
660 669 62235142
663 133 446496764
312 285 20402343
794 1000 108878694
91 238 562383027
158 75 566580820
515 591 571485022
356 133 209133439
631 265 109140061
677 252 530138982
658 2 280270016
328 87 97592170
704 1 17082389
262 188 790460456
263 947 14041703
967 680 785232284
772 554 107473061
792 463 152638955
291 760 91600064
572 366 981428904
68 75 774387196
482 496 585137696
189 902 985776172
469 482 613179525
280 696 483706404
943 801 110421069
85 768 41818774
369 761 9585222
415 720 398510976
837 301 504170787
661 27 743099981
186 887 14808231
418 270 22909303
858 844 520677690
156 371 772953413
919 784 110170402
751 233 495852393
202 564 565998728
339 284 31666688
725 796 682565947
580 759 605804829
1 141 100993204
805 26 566650531
757 670 131984651
545 495 8805936
676 47 113653117
954 563 324929025
1000 740 120965444
769 756 503177238
528 434 500134747
486 111 147791303
287 47 52832209
89 670 19897128
101 552 232543018
54 780 977156962
856 418 43817021
520 90 275354416
490 579 559187688
388 7 673759771
893 847 74706346
701 860 266776294
613 761 368524499
920 755 236263877
783 744 866787254
838 196 716987482
339 54 791627117
626 404 557100041
494 270 833641516
238 853 581335245
812 178 91830998
139 635 118104569
155 562 766485639
468 846 378456940
106 725 447038414
358 959 998974460
433 365 5861801
484 370 912319329
673 59 605144493
611 166 637975772
728 156 45003377
901 472 890285202
584 940 414284695
7 696 673262988
466 378 560175783
519 913 195667509
759 775 464309457
775 718 968965051
923 206 298557449
90 882 939641993
585 257 589400787
581 255 461573521
420 991 270454954
335 190 708483172
959 954 136513798
451 501 476585901
663 435 956542712
492 38 440347020
407 617 31789636
795 950 180030032
440 97 482964268
610 268 6606831
488 689 901614328
811 215 563841236
473 617 725918823
222 105 680879951
56 713 965006093
218 284 658997747
209 990 792706274
892 367 995683656
322 273 158965737
923 604 813803964
834 382 428912756
677 157 552936427
597 781 694622212
325 764 763488834
726 118 674740230
417 298 923812351
658 51 531807224
632 600 773028142
766 614 51693399
194 447 940827355
39 683 976700007
872 293 261215217
324 185 759304747
172 204 716001520
383 369 28594545
172 601 190410099
717 824 98559447
144 858 40741927
909 248 107437390
531 849 809139354
586 541 383555083
212 210 64932069
725 844 751899915
11 403 5562992
833 673 83408009
831 289 738250918
614 175 707861745
637 294 126908708
711 404 165673141
940 105 947401231
379 745 230946528
791 669 457417782
273 29 962295598
815 994 360284497
103 742 315455874
795 816 653704268
283 494 28179714
948 538 406503664
975 150 48696562
825 121 312244550
944 698 805255372
374 560 523595637
181 626 48402945
915 45 41484079
94 847 421111812
303 553 218231389
560 873 173488297
143 549 311890877
180 792 97026497
308 753 339448368
664 146 741497487
233 876 425996608
144 223 46307158
726 390 463270315
252 336 465290805
952 780 399965929
797 141 94675731
502 333 617260282
374 338 640127418
471 55 134486182
214 225 38289373
907 557 67693128
159 881 560906870
349 472 754888120
338 698 956875688
455 549 31439332
522 534 71799408
357 573 224486896
570 813 661296520
807 167 64873142
488 758 279696462
141 46 228967343
513 169 974599154
278 465 640134542
653 271 26820384
867 593 232811916
883 100 627198519
822 126 661782185
694 268 765630420
494 353 519240792
514 952 193385519
195 662 950141603
865 523 92592709
289 903 942906006
130 945 693319695
515 967 566560107
382 145 165791722
527 343 345169425
562 684 458041846
725 894 343834732
269 50 753565697
85 942 841054526
814 254 301918760
136 910 137635088
574 740 444837568
287 682 109850973
392 942 122536105
999 266 962655326
700 412 4079881
472 102 192515514
519 78 303462277
395 477 249977410
570 559 585592167
176 217 171141684
580 546 624056327
289 919 742663036
676 547 278059350
97 784 248534294
748 823 214352585
867 267 692063613
305 57 118515545
842 99 336339936
997 605 909305521
407 395 933360526
270 671 508948215
475 275 281107969
284 478 53983814
454 232 854743563
295 179 548697672
633 496 327217442
89 691 541750344
262 725 641066187
638 837 590999385
709 48 132907242
166 773 312628870
137 759 820454907
719 287 839360683
480 995 586616352
535 691 958934601
477 324 452088675
160 268 970764656
713 79 689595802
331 843 746932560
705 713 164075676
758 640 945905832
702 270 890326097
460 853 25071923
386 190 609446348
388 435 176468197
791 234 410697962
52 197 85976531
168 923 482507625
28 656 697461622
335 284 947652155
115 38 505574729
489 448 83054920
147 22 968642654
528 915 708644252
1000 274 2003845
268 699 117899988
329 131 586399358
801 275 653297183
345 702 743848261
710 434 914862815
575 704 659656047
559 13 564236807
27 226 193010188
823 713 700013662
5 932 119283978
70 272 589807272
89 994 447846726
743 619 53986525
477 701 214753677
733 645 888498551
846 282 240975744
862 363 718003495
288 801 439905481
158 765 438943426
575 159 357418675
606 881 857025263
347 539 286149384
122 14 171039660
263 856 209111503
151 674 613596276
559 255 158476817
903 30 204364078
969 757 700540201
993 934 58013198
543 46 137779480
591 841 199963076
75 660 91851811
944 568 51195275
296 490 860087345
613 48 620514492
27 754 535091643
138 27 181016449
262 505 481474256
115 923 27703358
353 213 816283560
35 41 44360308
561 622 99443549
527 225 793270388
350 280 349209131
82 790 440457725
745 1 871177887
792 825 735826898
599 963 2822273
63 212 908913622
508 151 1363831
887 806 93489035
230 359 280203
821 428 117834408
680 748 461417615
433 370 876362992
948 143 529269791
874 432 327575498
274 724 341739787
982 19 543602951
617 931 655038795
159 815 118554958
644 314 386977044
96 237 49541827
1000 72 114063779
201 510 936284044
632 170 818963185
375 308 902328416
142 711 740137986
274 423 315950421
166 594 866448281
585 89 666793765
591 414 971321423
954 717 138832789
135 304 553411450
71 53 259265827
237 769 9475185
654 334 230264129
946 489 929124161
605 161 727981579
1 110 973113886
970 758 751750195
309 691 190728085
914 297 832984955
692 823 466758997
463 12 558261073
218 958 664626600
307 737 909654793
341 137 230277294
770 814 261848894
34 332 239575541
491 818 829092253
337 812 571484519
411 6 977529091
757 601 81623939
327 522 870128497
416 240 119247964
549 124 549647660
739 429 401620807
437 11 967412557
649 665 817325423
518 93 175064829
164 898 401586734
998 541 437538361
374 74 219781772
214 232 89876930
15 787 842750910
602 142 638064326
910 882 809190966
722 710 928281312
474 179 986353805
668 195 14915979
562 666 93824035
711 248 42216105
88 850 397330360
747 317 750234831
38 650 216644338
782 164 118063365
125 90 122474562
122 862 74600325
442 331 955345122
795 583 838707268
726 2 421466948
352 745 620158357
435 1000 853805400
67 694 13640759
