1000 1000
978 995 674290146
125 705 223874717
434 91 557130130
287 551 920597480
780 940 159533771
282 585 351918289
672 880 788824806
553 268 142507160
453 949 889058523
900 467 107372186
672 581 672432153
516 189 184116908
566 130 205555154
712 819 916615646
790 715 552977272
340 877 479991249
271 574 100890888
604 468 115919991
890 921 183018595
346 637 203840657
683 827 554336547
633 398 372798679
589 691 711100820
808 328 614257432
390 123 328038002
957 118 958251433
856 998 642271232
420 797 594874725
43 493 865337509
836 261 157710542
43 385 754131852
808 686 364942557
288 626 85863146
306 55 518035621
119 27 588057417
693 269 227187255
168 973 658238062
572 121 79725952
766 439 204568586
755 286 190781465
536 860 906307814
833 657 680301284
370 714 79669991
788 861 714887236
392 299 213928122
33 587 252473117
206 597 169912131
669 286 934409452
93 480 469655696
229 978 342363179
427 708 785617655
468 984 145239485
796 265 107301055
474 91 989205412
527 110 874014337
589 544 705633056
483 893 701550770
481 473 449940792
61 353 818787077
658 628 216644673
444 818 491776834
197 161 122561512
759 341 932553789
482 577 425716462
846 935 208010991
911 865 86925342
323 217 582626199
80 9 880087989
7 257 269490149
620 621 286854950
713 737 68369047
882 178 220867908
136 22 312208144
712 393 34588619
451 208 476252818
375 713 35139545
972 247 393161004
39 81 913606766
338 9 865079366
55 295 902930669
314 501 914222285
71 540 897706299
459 379 165538848
147 71 140107034
567 979 975783076
849 721 236938619
982 850 837887879
862 330 411590464
965 414 158106313
116 150 210342671
427 851 559753538
595 529 641327235
537 511 85782830
543 700 148992502
313 619 505964732
158 871 498904927
710 882 731731952
369 311 975098438
416 988 90985526
482 385 538015138
361 233 42271409
274 266 283646778
702 26 616834110
749 992 294110621
928 363 116588935
374 188 173013809
712 497 165255071
446 432 245187230
568 38 352794769
383 525 745035128
987 219 116232678
325 152 125438570
567 688 676511112
116 830 41851353
454 39 409957656
10 172 145609044
259 991 971940026
676 446 469529817
205 127 67923624
250 777 505409976
604 382 901310422
220 491 889512454
573 917 414458898
331 868 661445735
440 223 257994675
291 856 703525690
290 799 696406484
584 678 282512773
472 352 836863876
234 742 959393096
207 192 154318588
173 269 485901121
906 413 579414564
939 188 95889917
263 467 963082980
502 450 92825716
931 7 656745205
526 308 129796001
116 501 686118858
547 779 25101250
913 958 524630972
636 266 65783133
732 356 799212194
960 320 755867632
596 608 618249003
836 357 512864539
172 398 896317037
470 700 265563464
137 443 140502924
299 967 454449408
129 9 318152820
844 812 853512685
427 275 154695467
965 227 696711740
308 43 90687074
102 566 690106177
609 959 190541995
234 375 397965022
894 662 253152219
299 122 49395499
162 253 775174771
361 275 984631070
199 719 796512383
988 307 506743784
624 128 978308677
795 497 970349559
342 604 730471503
352 942 294897267
368 65 885396106
196 739 130435582
319 339 844617074
773 311 375955916
751 730 558773990
998 669 936546106
630 827 892265827
80 189 146584474
703 564 474396585
90 450 273167323
976 226 256012578
458 799 522538716
504 422 419888183
146 130 269172467
913 194 740326472
751 811 56157676
112 553 12885817
227 138 226956201
587 453 232572383
954 827 18964932
248 909 16811672
601 201 819429795
633 185 949692591
121 827 908230721
295 783 870131838
808 821 692170753
85 52 975852962
495 892 752724139
370 304 626005112
321 735 978490007
290 620 428384269
542 497 874083794
64 690 248202126
420 85 819924784
571 848 456088740
247 237 506985239
799 27 516474523
458 931 110310968
246 386 800573154
499 14 870857331
277 712 210068928
84 769 501534978
838 179 377691719
289 476 172111457
749 540 417422217
895 317 136271373
864 401 745463753
95 670 33907349
628 615 688875884
838 357 15909516
811 802 622425411
664 772 886737442
186 960 109980514
563 813 855561418
837 327 552201271
343 566 937219171
180 270 954559428
280 88 178190571
219 162 952498600
610 867 377652575
165 498 815631542
474 475 667640226
905 798 269926228
983 859 95488505
318 776 806662401
402 438 694702433
846 301 67234141
338 300 44586684
885 526 9610156
924 272 107870322
372 168 739018172
741 425 393755948
25 560 75914948
318 918 89378083
54 250 610951294
690 425 685704005
583 547 82283177
784 822 796546458
729 917 854568233
365 482 730878552
90 126 308582956
459 823 692858200
795 561 910495837
53 781 220684191
429 124 654371706
365 354 109044890
505 619 396667746
174 919 174345013
221 750 805432897
654 469 14037725
939 470 37253836
418 528 722285258
50 698 204347456
899 126 649401136
202 60 574821495
246 850 565264731
446 646 994859360
56 44 338649866
75 89 123665826
669 372 101953176
82 217 397371695
543 483 476365254
554 642 204556296
610 141 877517694
106 833 256287896
227 693 136368251
909 90 646245469
465 104 58303602
832 247 347365631
678 662 141705521
295 473 476983232
155 251 9182976
830 794 859445608
327 880 543302736
975 364 645671808
896 401 505434875
515 394 962090660
742 840 201540893
657 912 694657144
387 776 627719766
187 620 843042031
936 408 723332058
665 975 826123214
873 507 718813456
197 294 535708146
562 608 89679362
482 299 105381632
990 181 54131919
32 873 31618721
407 927 126948750
177 825 403578747
922 595 235404061
140 650 191892049
381 647 735328743
931 75 720500346
427 728 868173164
890 718 343910965
246 344 846348113
778 909 921214259
839 606 887760634
618 574 353336946
394 151 453514288
911 271 104259322
617 5 570721002
848 643 9813613
659 527 43546968
365 344 705310349
357 511 733989309
501 34 109654305
362 70 327797588
185 388 157974331
531 524 444597142
748 480 877941331
268 769 395682536
252 203 809527805
883 497 351173376
256 315 692903463
499 483 899498474
848 403 970630346
266 113 680025365
338 654 426852888
627 313 362438914
425 508 38367779
405 81 49001744
90 739 87950764
504 80 677140805
371 592 418017312
151 507 685063468
113 7 93083191
968 802 635969356
737 241 573033628
669 419 865946033
499 662 635237139
824 102 734386872
936 197 56881042
874 19 591620927
175 824 168799086
992 14 50116782
232 960 783125299
824 988 845849340
335 166 447341986
379 90 94676109
318 760 941557927
776 138 75198242
352 980 419544474
247 472 557642130
819 351 358776477
65 433 37575014
195 662 605082748
388 620 628427423
482 272 346811804
501 28 64657690
793 797 410046286
345 223 140573324
257 753 978899044
842 330 852002368
880 862 222823409
36 264 723354518
399 657 744821632
818 77 685233959
712 460 206506132
752 572 699442332
22 474 308868485
772 910 765472415
13 207 997644201
179 958 781638826
776 125 974076016
546 476 21140713
315 215 256919973
514 594 809793555
306 394 385274271
199 197 826507195
614 627 979491855
210 537 486256725
531 625 627661911
165 436 63666650
471 83 40084869
742 235 641568862
679 840 305759521
168 396 96217316
827 438 750853758
76 542 704863254
714 352 972789715
613 403 159813942
346 660 6690466
261 531 287123571
871 959 281070842
273 50 408398781
696 873 856593286
689 187 618764856
825 384 429649001
113 90 924058277
987 899 904086962
604 716 929218429
976 181 299588351
218 97 957053024
702 734 814198435
948 732 747123074
12 280 44679383
249 215 964713967
748 326 920945155
176 200 997575052
710 906 955788197
991 585 959339971
454 453 242341917
757 931 437726822
944 984 954273231
297 498 623699717
335 237 185562209
98 389 683248570
79 725 429834479
255 742 19092574
742 680 348386849
870 70 122057519
361 204 451536369
560 17 526156047
218 374 671492925
713 211 87517848
69 183 425096400
444 592 238044393
521 560 140098547
771 272 259747670
33 913 502416376
86 65 673524475
801 413 873221540
205 508 264788046
125 786 786127955
963 526 761209041
473 670 853637300
242 280 64805533
323 8 747032548
249 127 454262469
927 608 161270842
333 494 2065622
316 807 789863049
169 137 212093106
245 670 647767153
627 553 106878346
192 607 332717349
527 55 879613715
667 36 923631207
481 26 837797480
911 910 461318481
644 194 954094336
857 402 841271053
899 590 590398693
428 417 852822073
506 940 37090367
921 243 927652380
125 65 300398843
79 276 461191754
984 695 637391512
550 744 13084336
712 527 611285765
529 631 8443118
104 131 9777559
849 139 208971210
627 260 732916112
901 195 132763127
254 351 185932964
424 1 672897652
410 483 375562701
160 758 301932332
484 867 362147894
792 149 984246719
993 451 45445998
221 421 562795285
227 518 245449508
907 327 38694480
935 938 153206409
648 902 902882750
616 926 875610696
509 450 400034126
512 387 413952415
281 501 30725292
119 291 681489263
310 142 507748300
466 972 99435803
279 378 831902367
227 457 163523268
8 222 48466871
459 88 16595343
408 525 483979257
89 339 867703288
645 525 832534400
257 425 319013762
140 591 876125089
389 301 342189303
830 722 35678573
157 13 62811175
202 531 162022148
56 580 370111564
973 643 586069167
61 588 299266727
519 942 779613080
238 906 166771637
244 822 873219177
126 813 363215143
240 64 986761434
66 400 456999458
827 623 635270559
553 640 577220312
133 676 648135855
564 415 373815194
917 53 437683888
652 1 614961511
241 800 891608058
432 464 734886690
402 765 706951450
500 987 417493542
662 31 961902003
119 243 440560837
548 38 887465801
473 840 71240659
168 158 107993158
200 854 211690423
58 90 634303463
842 324 519213461
857 106 850753768
865 859 988353652
917 900 896392445
707 451 509157582
460 782 431212600
137 307 875473094
984 533 52820268
872 210 9175890
937 62 644592670
456 907 551025425
33 497 318876534
484 284 318353107
861 643 974100077
423 494 756674605
659 224 22626811
623 311 868533524
257 764 651956758
260 579 201709616
129 476 934686385
111 18 981490199
141 789 788712143
484 332 850079113
288 983 87235549
131 589 86973787
935 375 830159280
829 533 669308876
769 132 40512159
201 961 268542782
903 885 672832620
750 2 496855846
770 847 766531198
297 448 776967299
621 510 341066996
15 797 549287297
589 912 595426563
319 401 33715302
603 949 413212870
420 5 688971870
366 507 374286023
954 368 60160801
264 772 806132693
928 381 192538213
964 112 71774808
267 556 720794735
664 630 814952408
779 368 475058427
543 280 67083530
981 975 67625619
287 876 922298891
73 529 149607205
284 519 287867979
15 652 679844572
357 469 148619072
348 118 666605007
921 255 726436717
178 958 901122524
36 579 97267283
754 637 843265634
257 647 508946244
33 473 524391407
899 218 750876029
558 305 144314550
188 702 598885830
767 551 922772364
145 968 104396439
269 742 489156803
291 498 125790325
602 946 677586318
551 684 636662051
942 785 801789665
374 660 932301044
670 440 731028653
995 813 495675719
250 758 417645811
924 203 431694533
760 294 503461238
656 763 201627280
17 209 384493747
306 568 999883603
100 514 336986352
564 511 676964537
78 978 916324177
508 397 763365693
139 809 759218559
748 348 114436087
162 773 848793796
531 658 75321594
248 120 15486126
86 407 117068685
736 349 482671135
349 388 882947237
488 151 526228249
845 706 401795271
444 188 113305612
683 813 436467076
827 514 857833428
512 201 263995331
314 647 298185372
792 745 650240260
290 803 295931050
188 704 516868396
789 272 165795164
222 211 206627791
46 36 702142540
207 108 401240387
885 491 536642009
170 902 348653764
345 419 738681967
842 79 168080984
618 800 120102171
487 492 882744163
249 813 304403280
878 319 736985791
369 215 40123416
413 199 488797788
427 289 327093259
64 190 140160063
454 819 958578687
918 724 594175476
872 450 491728692
342 939 163027604
277 803 470093694
975 221 9117341
953 687 15029011
973 797 89954082
152 96 345800228
938 872 57656730
113 463 780043012
841 253 771119096
684 539 841769938
916 535 937734208
136 576 634008046
765 33 651572350
676 204 778759073
423 314 857089191
698 608 605846364
500 410 128947894
533 865 708084048
726 554 690693638
69 123 12597317
333 314 430092563
549 717 863070962
308 546 97618424
863 617 976367812
311 117 201147949
707 146 268865335
847 496 998498212
602 901 849700550
831 220 509340889
92 934 381091970
74 375 579947518
662 775 841100741
316 636 725204197
550 481 397996227
515 98 140698175
803 562 466532693
606 533 182943980
763 802 535709305
926 793 643057210
345 935 769117770
761 96 43715963
62 641 629004927
982 226 353050259
135 147 89513670
292 590 365047139
315 688 829373931
913 480 849786425
210 227 945828418
141 222 257789142
653 446 486634729
621 486 354228918
446 229 750557232
304 224 249598235
346 648 261306623
279 673 90323378
43 33 694976564
481 346 833882904
274 932 396716356
60 466 504970448
2 398 159277260
736 925 63529377
902 379 397653024
574 567 870100541
139 388 425600235
138 922 665188718
455 7 875696220
299 109 523931246
403 441 30451356
78 368 784221743
947 989 917019732
298 62 862684250
705 25 448977620
378 399 694491469
526 752 856676452
970 634 192725918
888 727 571367912
531 992 76793471
518 208 7526729
553 343 304178046
667 88 56563113
184 163 808648226
472 767 400881391
163 616 590309810
195 37 803128332
508 814 246361508
167 198 294256802
218 437 108955223
323 273 477416675
685 752 824833519
351 284 48228217
416 130 534007017
197 192 370339498
470 253 150373695
504 115 596258941
720 45 32760149
975 6 556174068
15 23 619406126
599 536 492896410
731 572 651301438
463 976 62571127
198 430 972361438
269 867 527391059
201 344 695274431
997 113 378055180
593 887 838668713
381 37 980274908
916 244 134887682
272 247 44731117
59 424 89960612
456 613 356654523
239 505 250689696
695 228 63783199
378 824 662955546
673 569 480995160
680 510 567659496
146 886 269741516
198 989 600968578
724 924 41031049
667 161 554844620
915 952 249455087
913 463 223365863
909 863 313347241
477 592 488056496
311 348 489859716
924 606 136164433
509 877 344819964
20 481 145741735
859 478 888391168
677 973 373536472
955 467 862228672
693 987 293575276
352 468 704308396
641 695 628523826
617 325 986103735
945 960 355949801
947 366 420963666
740 153 388834131
314 733 505756464
887 322 392666585
536 694 48222783
1 938 210438655
990 320 626020360
145 453 353116940
164 683 872437604
83 743 288836286
52 366 104159289
480 121 974235249
30 939 608959694
683 881 131095981
359 394 33289241
544 961 492399082
952 349 779133344
40 449 927696502
343 249 355005356
738 823 813924789
650 91 771956932
768 137 806474684
377 40 627083012
303 212 709876301
291 848 1712938
886 118 938152705
17 67 763484126
196 546 730432060
555 990 579181368
840 830 8309641
55 346 141934494
541 361 173280442
656 672 146695324
518 349 736649120
253 766 669000820
256 551 998961021
58 331 23895902
943 227 699382483
141 711 469060899
565 783 311106425
970 935 526653415
84 109 289577820
996 738 115717638
478 892 679734741
695 906 263429297
423 482 767842680
999 86 100908888
745 985 880863047
854 285 687812504
533 489 30005598
796 797 572091815
962 606 120634673
662 696 651381314
464 166 63113813
268 35 842397193
700 250 141252194
88 35 245758000
170 942 524610464
462 682 556807915
866 118 947004938
679 753 178490690
797 908 3278279
763 679 43178602
646 805 82500257
812 630 843679716
872 159 977516722
202 283 178956985
397 334 783398122
228 402 652762613
45 662 550577894
972 298 500426412
138 344 400337587
640 272 90149496
106 853 902352013
485 376 208003101
676 913 297067467
485 340 63439441
490 133 473496769
941 655 981505055
673 995 914953977
996 34 645798449
915 707 536035349
109 657 719286560
578 295 973320182
65 10 833064728
741 275 863466423
934 407 764343968
245 540 340384795
242 33 790266794
12 601 317496697
631 344 364841596
309 362 672969557
860 193 52945768
405 922 108511084
341 236 46337866
337 731 371832472
697 102 502474539
298 932 369050457
715 148 862463533
419 456 396065747
143 747 873170974
104 72 241410573
665 694 532093724
199 522 289145004
861 73 211637607
885 251 626441268
264 574 731223586
763 485 349911321
883 925 986296629
805 311 688518534
452 157 899574365
119 866 910186780
358 134 33848888
136 913 537448301
419 168 700391136
499 219 56490322
654 279 197751206
733 463 757531557
191 650 576839302
723 606 362202661
377 557 600555157
934 204 147458611
347 795 75071371
308 78 145595702
322 53 69809169
426 193 396465835
886 329 75882377
649 298 78382472
770 598 229408546
870 929 276313756
204 765 602859366
446 291 687720976
193 214 749370542
563 194 406914445
38 622 75856417
359 203 113485713
279 598 400517692
934 553 467316312
516 759 750360556
477 662 503546312
970 177 10181329
798 993 242001253
418 68 275522838
355 143 694700738
531 306 491086809
484 869 943446149
430 960 240021191
713 619 315115865
253 708 37187926
440 480 306836650
675 770 776642446
219 329 815907306
940 265 871691142
857 196 20505496
279 613 21521642
409 480 742226862
792 621 103195945
596 156 477962529
117 148 634966031
753 988 372862844
200 469 523467205
827 49 280378638
550 431 145379652
182 397 744259516
137 68 852167216
248 192 454938910
60 923 24499181
314 712 518212518
387 686 442376768
491 433 872062260
353 411 487484314
712 392 383084751
891 494 435491051
257 61 426979565
247 463 773594886
203 266 493718333
316 870 862310578
363 653 298664747
501 40 620332024
601 980 389247580
485 461 902173020
681 258 397661677
410 493 405627382
967 83 180677526
670 451 988917181
312 738 756402011
307 945 958807695
328 955 886355798
586 855 666167788
615 483 502054951
719 873 67322586
193 915 884007294
284 549 728032648
64 671 221719493
447 136 26698858
947 799 248321866
916 902 71822645
476 283 315694250
254 552 203246291
436 534 88464949
820 131 156458197
111 852 73609859
435 527 450873673
268 26 516954135
264 899 869731050
299 527 11244257
444 276 825046033
659 909 595099835
575 846 396106173
488 44 169949664
742 368 733637063
364 322 4720507
811 541 251467703
875 355 739146756
618 455 783946541
69 387 922806312
811 572 110531683
358 794 890580949
342 107 978508010
