1000 1000
961 505 174433109
430 855 844828768
537 969 29796224
314 35 718685787
990 62 276527103
318 444 666556905
222 774 482810195
594 141 568893229
425 37 834123697
958 490 330590233
100 280 768357616
723 504 601474329
710 990 93241309
187 436 99791768
134 80 207891454
906 841 267572577
699 886 516470678
545 959 963210911
262 705 512314010
923 412 556343676
567 265 241540737
203 938 685390794
666 890 60764371
24 350 194366705
266 586 901554295
208 319 100100669
21 586 266634030
907 743 236727460
870 602 600263314
271 20 17323047
931 347 92805178
966 399 69954221
648 466 89783338
460 836 216836321
282 781 546184536
189 510 678338670
977 285 10311033
785 32 146601561
835 586 193333800
135 537 78668421
526 226 783707779
23 75 93202441
584 250 466418133
763 692 528470413
97 26 388038916
933 674 950512570
999 556 926993115
822 175 322252080
486 846 871679911
164 234 582815081
347 876 110916718
683 259 388257204
161 174 67798861
626 342 246458922
414 289 746001304
914 836 88528690
819 527 364380524
766 915 924692553
879 325 443544410
555 450 919461948
570 336 75708467
547 855 912306072
475 22 51145494
195 383 21004028
360 286 84703017
513 420 241098775
162 752 220214407
569 436 68216110
459 455 588439926
682 192 856922355
482 455 228569545
264 133 974841515
595 37 280889597
874 12 796876660
615 622 214335061
687 950 197046908
845 806 21328750
93 287 479940526
104 543 603616624
363 907 861528883
549 484 486591250
272 802 621373983
985 821 119509151
963 441 499661138
696 112 112161321
16 176 741451572
691 592 799342318
253 725 880083988
902 423 100188370
286 146 523273921
104 253 728141414
189 123 505266164
258 644 27611728
751 624 709191556
350 281 255008605
404 45 206095121
617 345 634608024
761 617 590135705
918 930 662006673
147 800 26693887
741 428 25279246
852 800 736555546
267 419 606234807
723 125 738533032
10 995 446078644
756 805 267479774
515 640 126642132
441 149 728245829
883 102 305764576
875 200 767524772
51 376 9985825
236 937 332626696
259 242 978724608
97 297 229298847
870 149 930622426
44 985 562547266
533 619 755325901
54 559 926416591
950 470 753973913
785 43 762937199
910 567 317934872
464 14 357320155
591 671 33048631
916 627 179931431
365 969 691728482
67 440 60058319
823 357 909595724
649 877 123110622
538 155 511557080
582 814 869638511
23 812 992465071
545 18 119772180
583 561 214743854
879 280 159614633
946 700 292394354
329 738 9982601
19 655 470323886
825 753 298003808
191 583 552377213
539 315 742728073
816 541 836977554
860 255 851010209
54 369 754994640
238 454 111928123
713 954 336012327
892 846 204411840
630 107 80525472
740 919 621361446
314 660 769676669
943 410 142279588
89 886 279256029
989 161 619999553
95 615 290109685
686 501 219911752
494 88 984045403
434 958 69454937
153 370 929673738
358 395 626124588
888 192 121195670
901 477 329880623
189 583 771427323
588 676 294477775
556 4 752496527
417 603 221136863
456 383 547810702
13 1000 152664306
54 591 599221715
85 63 724974148
382 870 703151289
468 631 306306640
161 354 346344443
720 657 148082917
228 428 477924719
39 649 227840726
765 394 889471377
128 974 779522111
638 201 923453758
664 922 958775575
129 412 403177581
149 357 860394269
663 66 896934739
623 815 819153054
906 965 146458814
871 540 171869
464 48 877038671
851 725 566548788
811 604 386134052
55 424 266632741
865 145 86977122
162 427 494149819
753 504 419133619
90 413 927226126
516 366 19000224
866 767 8751103
129 493 215077358
956 370 246135928
282 725 724567511
364 841 275957642
631 578 675394687
249 665 187321320
259 51 956447080
35 164 101725586
495 91 226927644
543 925 252470782
351 567 601841337
262 440 209438839
164 990 887633690
322 760 82846590
998 225 1378673
991 600 850151426
147 300 167018831
626 697 83474841
551 289 921945375
377 555 820250604
650 571 497464553
231 810 508207998
33 978 839473547
567 41 469176082
576 945 654220684
428 700 846328430
170 318 203112521
636 903 798167587
968 586 529927949
687 656 262310173
384 68 244130015
580 269 130322967
217 64 457502851
958 39 311643994
915 477 589669186
643 766 876068451
627 858 90030580
281 764 817514894
985 370 545564100
341 636 443884786
8 453 759510503
569 980 121298119
71 341 97750441
584 502 357819165
809 388 161111821
829 840 144832031
533 889 764854155
338 168 977203770
227 111 498242617
407 122 700519403
773 407 610644329
679 657 279861394
927 395 266982251
191 926 736616170
891 456 17837684
84 588 669300975
692 149 771107166
908 470 49742427
30 47 906826477
875 329 124222540
982 467 610146028
714 770 522147475
666 170 57056839
705 43 821173891
554 336 948527039
404 731 22777732
192 516 694049079
277 55 679927203
124 801 658913140
626 178 108474036
330 642 895231653
17 867 227794209
153 525 148346433
118 301 81780243
867 723 270359036
357 966 661793941
567 992 722534741
74 455 411003918
216 574 193251217
351 303 775008695
146 519 849354268
496 897 348313882
534 909 718786541
992 75 847228242
665 559 918861959
605 615 238705653
333 495 16641157
145 196 994939970
331 37 415036832
135 429 910934122
654 18 32563186
451 78 258645459
430 685 369153674
612 667 6025993
753 609 521117075
10 906 648814643
739 529 15055082
330 544 530331735
780 980 965746791
111 211 717972334
358 931 889420965
716 691 209763029
370 751 558196999
36 131 341254100
452 234 127320552
39 499 589346085
339 911 101155164
956 153 791935120
18 272 838227835
908 735 64154764
694 147 22242787
550 565 136370405
59 726 82967494
77 432 800484181
910 782 939393668
865 823 96306070
865 900 520854004
4 386 995315761
112 818 79603328
255 585 937567099
497 557 18956895
214 610 77156653
351 681 467926836
66 60 742997130
609 460 372390830
997 495 991352651
756 380 364885012
447 880 56861619
48 721 583732462
63 43 407952191
35 352 570353846
304 383 766650295
23 866 22246033
841 696 245488844
629 74 115673730
403 495 974697944
75 117 109215493
787 641 472362427
89 957 446626788
565 86 44968499
9 146 335725467
833 824 872402077
712 175 809298142
737 733 26329861
848 479 712297208
180 720 268132810
292 986 307860721
731 673 726672959
360 319 143828079
499 232 620463287
979 4 674127710
171 928 60612546
334 491 392155417
367 154 804474999
40 565 63521912
690 271 459065425
748 366 807429307
924 376 112270377
248 600 104525584
592 51 786181973
359 701 44391010
750 980 734701192
480 611 749086074
736 765 637752816
500 652 8421965
788 954 3835285
818 482 38499395
744 461 846330368
329 558 681819417
696 698 893097459
470 165 34446004
937 987 999883564
468 289 351009193
7 884 847223940
1 805 752729272
367 574 673418396
544 434 803963358
562 760 156347666
923 184 124918030
130 931 585916681
113 453 815483680
828 52 682941040
137 489 557815512
473 914 904636017
480 996 129061695
245 997 63380275
280 615 776379605
798 606 106656003
39 333 599055503
627 535 215939384
42 368 671475398
291 538 501430598
664 156 120059558
317 772 181106237
137 490 703571965
512 516 6372286
263 806 380245108
125 495 389984273
609 398 388923245
664 87 709332605
325 355 992314362
249 260 848912455
203 275 787481711
859 509 814855493
644 932 906314827
382 954 618628509
637 611 923322544
24 625 701430160
539 793 499537532
825 556 326289635
583 151 383121716
668 960 496676974
533 13 328400739
382 419 424147388
242 261 811469806
571 859 872833255
245 737 565582905
385 92 117833331
848 365 498596023
872 459 23705701
154 281 855744149
354 499 366648820
810 766 103537212
983 416 12126051
683 164 610770965
803 189 958442421
665 586 804919593
193 568 294657908
775 819 928811153
694 659 452656370
959 587 117251498
32 998 933049325
332 309 452775974
335 351 85062913
171 723 436555433
812 240 24227369
849 794 529656993
508 714 144873686
339 565 314095286
108 603 491416389
286 939 929782999
99 897 278971807
226 631 500291849
274 366 213923843
351 833 599135100
160 588 190107556
304 259 786481823
116 650 100790174
749 557 154835915
38 260 957540116
95 476 227016300
254 815 306224279
147 354 127873143
624 586 855544735
188 792 433129849
763 114 999763047
328 49 107061611
24 959 356311593
659 367 650415468
969 440 557872246
127 975 927761575
972 608 549880877
32 478 577328911
442 996 992045024
924 745 264816365
340 110 480752650
496 932 357961327
740 651 349573550
734 925 135563769
544 358 300059223
589 527 354368860
311 607 12993881
330 581 316486205
992 304 669101056
763 419 554695342
499 946 169591834
852 919 394654049
400 623 47920606
411 239 824144997
246 842 530658183
275 596 279142975
358 173 170411102
309 694 106492377
712 909 607520945
883 921 776921482
691 939 515131136
455 576 6665331
28 287 17910800
779 155 746576408
497 2 411049675
264 464 324976694
717 405 394744038
86 898 604238878
983 247 787531613
564 450 65081966
985 317 653700461
592 663 765759265
805 388 115651767
867 691 453098743
60 61 715769665
781 187 853127741
365 271 593028608
909 718 214467424
431 827 59672678
67 660 118049831
42 605 889464289
245 843 393387814
722 232 36492189
737 85 189986269
898 873 880145701
999 339 110339654
197 455 322901832
895 625 87221033
369 373 532829894
257 923 595318245
213 819 832106660
382 134 131848044
872 963 700735943
424 750 843314351
802 300 858598143
360 827 222556907
410 611 554371113
625 457 151809526
467 433 847122576
275 501 939153247
527 671 89301809
909 505 31787942
971 344 272126094
12 765 135390690
507 939 48749154
793 572 346052451
510 307 117693665
5 997 559826751
67 929 416451028
541 771 957649733
295 602 394007381
145 896 856098533
73 522 35254169
922 866 348679173
658 964 826404610
738 69 16219740
680 154 865745989
868 550 708308312
829 233 602754665
86 890 467682166
82 529 57869940
673 782 412913595
218 158 81275408
586 282 390422317
861 118 762690867
734 790 30085293
672 427 536831521
841 11 304160621
583 830 211647914
623 779 162595983
244 868 566572979
174 625 566749728
831 504 993151223
914 771 363602733
781 950 518797656
603 624 483160190
139 155 694884489
375 825 617975506
949 525 66646353
279 546 102904281
155 903 360892219
1000 491 904087607
498 612 710888983
239 874 99669180
550 18 757537182
572 169 620416364
543 753 130176326
821 817 827755615
615 563 966302111
583 851 582073228
906 378 32562045
959 422 472414849
39 837 476739740
794 257 683020945
271 548 767027932
115 125 876621375
326 383 331568490
346 867 452204233
849 513 608647322
307 836 148857329
833 727 859407660
484 830 945885605
543 126 120414904
339 92 927802739
216 86 3983142
618 620 358783307
632 171 807096328
217 842 554252778
400 37 753679885
67 482 874746199
313 592 723927354
739 218 419084481
377 83 493768321
789 361 840574839
676 879 363710684
577 752 506072431
314 885 389950449
983 476 143594268
998 516 474292863
805 190 209524741
7 327 779615005
476 392 442048134
368 173 830920419
545 608 987704104
856 564 175807295
934 54 906976498
323 699 305068196
439 635 905901860
621 693 632705291
43 615 315457238
707 188 634751244
474 18 841932940
118 621 179867928
91 172 365283883
941 132 668543888
756 595 132722724
775 320 523562368
815 456 205262683
432 131 35993041
64 324 812192103
186 991 100210858
626 682 132169815
36 377 919281802
637 1000 254257579
442 610 656228255
728 304 871152766
902 745 170060764
748 845 920158083
821 69 747813987
777 684 380463455
366 310 123405629
734 741 230422977
58 996 615878062
295 446 819880299
141 649 83457901
68 162 270459620
582 427 157901562
950 904 800567271
656 931 597028778
708 3 481750251
520 766 984713608
50 659 8108663
969 940 382690109
90 338 347424347
380 224 277592676
690 684 312727610
170 705 399930109
22 309 967498269
367 394 204644025
162 836 129156292
574 210 390049668
528 426 469965409
685 406 735525432
425 364 655544332
282 427 1864120
767 491 643200346
276 291 71475658
615 533 866127241
974 313 183012291
457 271 650729071
456 506 540842555
56 497 606762612
852 911 722666840
328 898 430107994
504 959 230452321
480 601 617336294
685 431 715753700
697 886 190352178
466 774 674925747
417 733 303366916
382 657 841501319
21 540 654048390
23 144 638492368
553 924 843608847
593 498 133691184
799 648 665069089
357 347 117013983
745 285 824310993
702 557 377073704
1000 273 295647359
171 377 503155917
274 838 785728516
768 209 67072952
317 935 648988903
386 416 238188044
33 570 273006182
988 152 620764795
632 706 130866915
110 215 379409435
264 622 226327195
997 664 514410943
452 786 45938211
182 274 697459408
881 115 560553423
208 561 581987769
516 866 80014904
182 847 225340220
772 622 897640232
779 645 935916708
257 65 800091452
27 34 739914744
922 846 799436220
611 349 465449719
647 175 307362805
405 511 503831717
519 622 512066354
410 712 845400628
406 414 147725965
301 855 67652915
482 918 333262231
410 736 527677841
993 214 53687933
854 284 968540362
559 886 729008216
746 224 139375584
212 695 42035701
924 339 780397953
931 268 564541100
802 815 751585037
3 771 825999907
471 73 95327852
268 451 106726966
302 139 998177500
949 205 296300054
857 997 258920422
731 564 93071579
371 553 54938444
641 123 28126975
574 558 204941417
36 75 778317189
772 829 998186415
989 720 96950428
875 54 817472561
81 793 717436672
680 505 149000548
470 141 42545466
626 771 975057980
550 145 635678432
959 189 324471149
222 737 107820087
128 988 567959203
219 2 35339275
808 701 807847372
388 993 73402715
811 854 421609270
817 87 737966636
928 134 213163747
322 416 204889492
884 224 202185693
294 55 165044452
772 869 6007019
192 860 989626093
375 82 920331479
890 689 816971393
273 49 891929365
970 16 504712082
68 479 889041957
466 196 403939893
775 469 332233751
541 220 669954041
615 728 598384201
242 315 620143789
223 395 62244173
898 726 678959365
868 35 62470931
769 666 801791696
589 975 828344336
742 152 835172692
437 810 961385787
156 709 523078522
172 508 500086848
408 825 876738795
203 407 634985800
60 647 53865053
676 816 181656901
559 485 850240571
454 636 938761336
992 871 112872588
186 488 764859118
386 120 790127798
237 604 493035514
290 580 967301970
137 250 476330040
960 129 196214399
719 914 895004326
102 137 64441531
693 528 690528602
940 237 744758466
185 388 919550557
942 932 394052323
92 433 325291397
108 241 741559604
863 223 256946391
452 536 386600361
670 540 830421178
713 122 115050757
414 375 164354898
285 758 965699125
470 996 2087190
227 161 965780016
929 381 472772433
18 406 351403896
906 248 713592854
176 127 852521273
526 547 545470726
166 58 366117131
217 771 491636253
799 32 909985008
938 503 590362342
389 264 517039125
966 199 18644447
638 905 542561820
976 760 978732353
641 968 190583185
697 195 504374297
509 572 10511556
320 578 246863266
154 419 67175097
323 233 534897753
414 658 383635138
256 733 844291624
338 261 369510600
684 131 791241077
496 353 361951711
743 375 270040647
770 296 69328199
420 537 734909840
768 670 169714127
443 709 119972787
124 96 594619308
68 510 338717502
784 379 229459599
897 567 312837747
930 636 494526462
372 266 498683759
729 28 192724476
400 698 246619699
158 631 516597803
818 447 737788954
429 974 189393539
865 786 482605399
933 20 419570269
385 203 711661393
984 981 854773283
720 541 426851672
977 384 815382161
934 438 521762308
88 983 426875367
381 952 992566807
930 968 900426261
413 154 870286704
662 142 505351596
293 532 931137512
97 651 123136619
474 368 332849995
911 780 752786868
55 429 2613033
500 593 132344696
42 522 201382574
692 951 777321235
123 150 399650025
990 951 367008780
623 167 549843553
246 651 228722840
489 966 786913253
879 861 518863796
714 612 117606163
142 860 933659730
703 911 143096845
858 605 7024800
965 78 480678716
470 254 19304584
865 558 230824855
499 475 537493291
402 16 802229883
426 521 470067203
890 964 771485251
441 698 949850673
804 73 102388822
692 86 558822878
12 289 784454864
30 828 417710232
895 469 128502156
819 979 569174913
977 942 431416906
218 1 62483578
873 215 486549823
990 458 386096953
929 852 421003095
233 49 13806149
629 954 656831167
488 781 318816389
590 53 914950673
332 88 536309092
362 655 492609265
99 25 53921103
186 937 760789774
405 107 805767292
374 728 318293967
258 442 802015435
952 495 349705707
412 867 445377055
130 954 368634143
717 888 854252216
814 508 660036869
908 500 261147549
291 103 168173037
647 625 214761962
333 456 272421415
901 429 259573270
468 575 652062693
769 759 59203705
236 731 53109054
741 799 912176789
366 599 265418629
194 625 202655384
648 30 902746669
619 471 954312167
519 359 158765270
175 706 768389500
506 174 89918280
530 191 779645977
152 460 655495559
270 673 683032157
625 557 573649577
845 436 19709824
600 442 228682044
134 109 26055294
248 806 466150554
955 786 727842066
895 480 624301353
332 640 543323779
827 749 573909598
143 619 48202828
333 50 965730763
354 468 881147138
983 862 729921755
787 116 719500822
104 564 832600167
829 687 721867784
264 529 111708031
249 912 350710795
759 26 13249016
910 166 877672121
365 238 919555217
568 250 269915589
200 513 999467961
331 110 373663699
346 367 547524289
956 428 639043678
495 723 778486074
962 109 519034423
462 718 370630286
120 689 361349045
811 755 263566337
379 686 429237578
511 923 415468997
624 86 868183176
747 645 242044391
957 656 411927470
815 693 475160124
933 427 470148240
853 920 832126781
101 234 664442591
659 343 695227335
602 928 207344696
218 311 958833172
771 464 506071742
868 455 937762884
555 709 628143674
453 303 126685264
199 698 575998598
266 270 209686611
432 992 771242405
59 137 422166574
25 795 334613207
117 794 652435129
979 901 535167196
590 482 433186924
624 296 563855442
269 477 536544169
720 78 285987343
436 161 67844857
533 261 991278421
726 271 577042303
200 302 597723936
130 378 531134172
14 491 998177814
397 864 922331838
200 252 963235106
142 162 453338813
568 507 286803435
652 680 998839876
870 498 503804388
211 357 214593892
974 183 65889091
176 633 996577177
450 364 389177270
751 14 654453015
9 478 339846219
981 824 32265490
