1000 1000
454 136 73840417
143 736 65176779
622 828 112895147
234 476 133150163
222 569 728946832
334 277 968004032
406 870 931912562
7 64 717895318
971 424 587007618
837 280 347620762
826 725 801130038
145 707 606461294
569 756 391299140
287 941 121738110
26 10 540739651
372 877 768810262
683 777 990594408
433 448 700368712
508 159 679966241
752 121 952491329
483 646 303283017
846 697 114897663
880 658 94190589
594 747 971467424
87 194 699869651
917 868 67459182
930 908 629063896
930 939 21727987
671 700 193100421
499 253 907231096
567 75 34691425
104 178 429276448
992 262 173235305
470 744 449825117
614 711 408910356
616 489 352807650
950 923 284614795
637 321 585640750
373 479 73633604
42 355 872173259
228 988 962926356
978 189 183604146
735 942 344512484
771 971 520294314
230 163 15328434
397 480 275842175
48 788 384370624
815 734 419793739
338 674 42154386
134 340 330303240
875 716 441059146
426 965 852026852
162 407 535938153
833 675 110638472
472 465 729447045
544 692 847673370
428 61 91796801
56 7 306088239
986 603 659738834
201 220 775258329
484 817 101065787
758 100 330183149
220 128 783369904
718 219 408263464
473 507 317066829
361 297 980926975
345 149 828182309
447 338 136499693
298 401 688874090
264 784 44785203
799 679 725689322
61 637 845248340
944 214 556758678
450 221 902596033
252 344 904299110
399 136 202338646
117 843 558422937
207 389 34514253
652 508 222967816
112 313 503859857
788 433 388998996
117 131 611567980
995 921 409772712
434 695 53129475
516 989 724424933
599 271 816014363
234 617 868747581
993 493 40791005
121 114 471069133
48 629 941664038
435 388 843478040
425 728 851053560
30 76 576751804
797 799 182973738
106 286 723699332
973 930 753096168
326 809 151406794
846 584 891548711
22 690 503300962
973 715 455987816
850 877 338518977
723 239 212300582
15 85 751212534
304 960 133691527
106 428 579173429
568 893 944884739
173 848 564588883
137 947 200014374
825 108 240411278
663 10 568606481
868 80 969943529
291 817 566013597
146 737 203738842
522 300 641452757
460 352 575040997
263 745 931078197
588 2 660885887
136 847 40281628
13 249 394133453
649 851 531663773
163 125 111048177
751 248 548289434
56 250 946500677
667 847 136393043
426 82 768311241
327 26 307826895
118 211 10094238
554 438 358091596
678 799 689328699
466 632 2743111
985 679 426235247
261 532 529401516
886 965 926799335
604 34 831469677
393 644 415675275
541 370 246348401
609 594 369038338
283 666 584130228
962 395 713627501
536 666 534699628
972 21 14236930
791 32 540887660
509 107 777103369
203 40 904871570
547 336 146319794
207 9 194397500
86 632 716985229
436 871 520517672
962 306 385615718
617 134 940795248
898 651 299918160
876 534 23328591
50 303 15279668
241 922 408385626
748 463 277546638
740 295 307706367
318 127 194047667
910 938 273063349
45 523 739651216
593 659 968409153
856 192 994283749
208 733 450731749
858 932 227668188
459 966 726050386
715 899 619887489
974 197 687801658
505 541 469966837
932 645 871920472
49 571 886736115
4 920 146063419
699 757 666027973
817 599 926496594
898 105 834254420
31 20 179916676
98 991 159641100
806 413 695622304
917 526 573757751
607 888 9937572
61 215 783874593
113 153 993472898
257 485 916969234
337 305 193456703
690 784 748921234
405 960 456446639
129 40 448173215
106 532 960617368
598 219 551464163
601 516 57329207
517 197 11560920
759 275 700250632
687 906 631249355
699 472 830783301
594 125 361510468
151 26 238565005
882 840 857862682
63 117 713452412
449 252 948270948
351 285 980816693
772 889 950891802
542 456 12589475
851 82 263819623
34 163 938368705
519 645 703660396
684 346 297769261
902 345 470586168
408 826 884049962
168 923 122063339
623 101 15797445
712 88 754745072
171 792 606480258
51 351 100421414
256 348 599265741
419 159 861523557
541 135 596419731
172 647 833980149
270 863 908977167
405 191 952842437
576 804 955659805
209 855 633895380
744 914 730716405
34 315 919468156
79 729 536982314
91 434 920313776
445 516 883423362
186 411 168132119
522 926 591230434
454 875 9751697
13 465 644208450
499 388 407355894
899 437 695775397
606 495 856298577
877 626 454316937
610 897 183788318
916 706 493354930
203 225 709689742
888 693 430848780
930 86 294818782
600 836 109981815
540 136 877684106
872 638 465770249
621 999 193758689
159 991 309324623
931 505 175848181
502 853 736238867
5 440 225910213
884 630 535923584
871 788 571845054
303 268 948851968
815 755 452780266
29 80 179721430
257 207 97869806
578 493 596559480
303 370 189364861
978 125 554802207
71 156 667169229
159 675 36277645
800 639 596268879
816 287 43764357
40 2 501631464
109 911 29203992
505 243 887388314
770 480 770227704
763 933 77014542
555 151 150473488
249 154 342483008
246 400 419152208
95 389 606312615
144 152 574313631
489 104 507636500
933 775 136336285
560 621 296816535
621 142 665152162
218 72 956199673
459 274 416658989
175 613 597855420
211 845 401887242
528 919 322123934
140 632 867051077
906 27 417599522
409 116 491539014
422 686 391631391
224 807 6614224
763 64 61913870
47 144 903873591
715 223 939709568
538 853 420091647
548 200 452419119
779 276 339053269
882 559 973814430
362 595 785931040
939 797 148402936
250 309 34276634
193 984 887597542
14 196 488570230
678 419 620203675
454 924 691919667
970 921 557736878
831 959 191457106
921 110 698351711
538 341 150360681
361 504 552075125
986 664 326203922
606 972 72606864
606 689 342050029
476 150 349296957
116 554 241583887
815 649 795598029
24 474 909925604
145 177 174853028
945 415 998291610
211 692 950788852
384 963 704984547
220 646 85612913
10 367 18107333
985 20 606966746
179 235 921712045
503 980 51850835
59 452 859136920
162 951 258782503
877 224 261380878
487 836 567847882
724 130 276722585
978 855 990097401
151 854 720626209
282 353 600981803
508 622 816278333
751 851 302689966
454 810 148277478
528 58 367009313
484 146 21999646
526 797 704634271
471 359 963753319
602 286 582410193
784 561 673249037
21 474 132310796
69 271 475730450
665 511 71549973
748 498 486843140
362 885 714040132
890 128 186744916
270 163 179434397
678 926 117022514
996 144 129497955
137 265 302369294
417 543 400757380
248 674 73392781
647 617 332014982
724 384 709327458
664 38 434829369
385 689 425467800
178 257 564059921
255 905 461051772
220 860 136860043
218 255 710216769
486 574 14428741
869 152 406644985
727 160 411593014
114 224 370095155
528 504 320088426
643 403 113531512
806 57 72964
224 418 47294738
530 157 503091301
689 56 618182917
366 437 194304405
99 955 70252462
438 101 511613736
710 993 88287688
994 546 505112802
379 250 166537755
863 483 444945743
380 34 80165601
405 956 508479660
665 202 597736655
760 511 104225129
248 299 459272964
678 319 20569161
440 408 793171599
853 436 884723975
321 105 240078355
363 575 43916035
943 170 748146156
472 545 418534785
948 97 872955958
872 447 874909081
172 35 594137665
31 732 947500964
328 861 35569383
170 787 550993384
370 887 894702691
104 756 825212132
197 577 842233019
958 497 714511215
703 994 499138510
636 196 721103374
639 668 114340088
230 744 800773208
353 678 820053826
926 515 381048988
153 947 66533563
11 62 474598512
529 141 208991355
899 959 658663085
771 123 670050750
409 313 577040203
584 995 438873150
381 639 779898022
750 314 422774306
96 662 631407094
756 423 826032743
885 541 435108888
220 506 578654942
230 628 159887127
778 307 892614058
378 742 654295764
617 372 143444823
480 251 709251649
229 428 98407322
951 176 234614123
157 244 443711026
270 666 510809725
4 326 525025643
907 401 201619138
913 450 29067854
857 232 576558517
23 528 5919150
941 817 574087572
523 557 66059837
85 455 933258282
366 971 129429407
668 648 55709213
242 515 279015228
443 117 181582073
14 524 226513593
763 445 730799190
993 794 78065589
614 288 643278089
3 6 567734703
200 708 445633756
518 729 96716708
304 879 262109893
87 612 713654641
478 4 606624804
618 315 60632662
412 582 8147828
700 88 704263531
439 602 461199122
152 455 192000558
550 581 367876684
52 175 815451097
264 419 839216095
21 928 184099733
311 364 509391617
193 816 973836479
25 900 190887413
850 52 710364229
143 31 663969673
145 640 842793061
174 407 758563074
340 413 404391206
918 861 812856337
400 738 857106913
531 100 847194409
839 555 234655682
905 800 983025655
530 67 824092504
874 417 446747308
877 632 920606600
215 832 733943736
826 922 177321899
964 150 18815178
793 988 571230730
780 645 748738274
339 227 916264424
937 473 877102427
177 702 357837851
818 777 120987797
963 974 492210019
977 483 818737623
720 77 460130449
340 46 846575925
547 793 945160615
491 860 858436700
644 894 330431777
629 783 918265443
157 478 74002511
88 794 116635476
205 915 401447830
672 854 354295019
76 977 742986091
393 130 56471682
513 708 214486027
570 946 658269197
515 619 143271358
334 772 284358906
69 468 716739380
223 468 26143004
164 105 984399883
194 380 594467694
854 157 576197205
551 482 901923091
374 528 938429702
49 317 349369910
445 106 347694353
950 857 97217424
874 465 94634248
219 708 537069481
913 827 874887029
80 151 587166748
908 911 68236946
203 824 534019063
162 171 855608819
704 25 938262099
585 472 4321901
873 150 111099831
405 635 688254428
424 843 605009442
916 197 70417823
551 742 90965530
370 327 877455954
231 516 859597727
756 720 870894685
100 428 726402162
2 460 783748943
444 532 6286265
635 516 962899267
740 15 1525034
891 674 599757746
405 514 320548582
72 747 416342913
370 261 437560715
458 222 711615880
762 314 839226846
712 445 961557233
809 527 999046855
639 291 290906499
16 462 44560797
408 167 980098788
714 688 658195983
845 452 55465262
514 971 687968498
399 321 52496862
265 809 509693029
757 124 86568514
536 485 635668586
676 82 45914004
600 173 627990191
89 527 363680646
362 983 490761412
716 464 859395414
72 909 344602499
656 771 301823755
788 696 73606904
735 834 417765761
841 70 21396242
573 904 125380055
420 302 765498693
264 401 490893558
296 573 572399423
910 774 741756628
852 921 386623352
156 190 21005728
552 242 465557588
124 502 746610269
563 126 885312133
852 189 486538708
830 277 894316551
732 432 798052880
558 825 305073775
75 659 441925714
739 483 32386279
244 854 435516909
379 889 136681107
456 645 251607545
84 173 512853134
834 953 218711143
155 313 562791788
418 998 903475568
432 149 604805526
534 919 657484577
101 88 781114330
15 202 391805678
256 601 663355546
862 133 74796318
598 67 623612500
444 816 882472414
595 725 517391771
290 855 356250785
294 495 482415332
722 507 575516905
31 412 649298653
650 434 7495879
469 931 810521082
253 797 920076762
100 964 989802461
924 168 382193252
763 569 821828076
876 361 208167909
714 761 720870346
317 871 901537503
88 662 558706018
11 642 187435341
677 433 377350229
835 395 550545804
128 631 130718752
632 300 866837373
487 715 173353975
691 259 227795251
253 753 968563177
84 166 119451529
84 488 127562971
80 387 418329321
609 875 107269696
499 722 203197430
985 520 88563822
926 93 654378168
138 455 263055895
888 921 665063829
104 7 187227809
741 606 241971591
765 158 858120084
36 167 589839349
677 296 561139329
299 14 751565124
650 984 45320795
510 328 355830802
516 588 466408
732 921 167714603
517 543 593733049
499 830 5237087
766 718 953177567
204 574 865552857
501 111 957300704
975 561 65911329
266 328 413637607
913 474 144995219
996 624 583171068
938 962 315197301
356 997 597905466
334 320 104644217
525 859 331410528
938 498 256039
537 147 762136451
958 759 267559668
87 62 864642675
363 708 963135030
373 246 939967660
523 378 265911893
108 246 895849991
549 487 647476891
572 104 405662765
655 132 146844385
160 952 867479282
19 613 259652855
641 529 21182954
230 215 63819773
216 86 519676663
862 283 425276255
572 751 961458908
175 781 151012378
475 101 389063077
542 671 66800814
793 125 31207861
54 903 316279458
908 554 815059380
256 323 121484836
92 610 677993547
214 215 281187630
321 198 753286540
541 533 116109545
180 91 491031135
499 345 713474903
326 696 444526334
342 956 685355906
415 216 840203234
121 105 347221717
442 569 240513125
716 165 149087530
473 753 718039348
97 801 447007465
138 960 318042167
978 942 770735234
885 673 553274190
999 946 414138380
342 373 876256362
334 330 847215613
689 376 649014862
206 898 166146193
827 576 70723480
564 998 154336181
416 561 2633859
457 77 221629615
561 841 48786178
319 353 429128579
228 141 980155651
939 604 498994793
725 701 18403900
127 116 847606386
366 413 55200808
331 358 212578970
439 699 90899623
833 538 935281811
116 237 738451464
896 75 441344673
105 697 122193807
910 518 914014471
61 989 719404668
897 238 259696213
937 441 730879994
851 700 830597489
663 211 203827086
8 96 853071288
225 901 182277727
901 65 376619988
547 133 20640633
392 68 552594056
261 598 419611852
16 720 208621734
142 857 790393318
112 551 418690817
547 118 43775449
97 128 685962794
384 991 624671794
192 308 783187860
924 288 557671441
333 963 968470010
888 153 622881606
178 418 548931478
933 158 753764458
262 686 2738690
121 467 828729193
264 379 637164142
932 104 47472129
682 84 73804196
781 213 483846958
805 85 215251338
289 166 872152126
619 359 10167971
261 70 50586985
637 500 796737364
292 178 268002288
891 86 271968639
758 66 898802905
59 462 654637358
933 271 493365470
765 872 7937995
539 583 20787954
930 585 262731190
685 377 726916482
952 492 13526593
715 821 696004888
69 483 81122428
245 447 12028013
608 870 524509764
9 114 94455836
111 673 268807230
782 739 77421245
179 117 119672378
683 967 931586538
907 880 469033469
909 43 123724880
318 116 354746841
639 525 564225933
956 305 777510415
82 256 140515388
849 768 128133177
983 791 14679431
923 896 942208834
592 546 151481494
162 530 32712933
775 710 335170575
28 231 393811403
888 932 483723265
124 32 650629408
365 434 715658062
181 375 778239562
724 313 158605159
16 326 829474576
847 913 122840962
920 280 47518123
877 857 429782258
241 759 654635167
590 851 844815152
416 216 832863209
498 940 595109553
987 359 485220499
800 598 280212373
127 689 363804948
423 258 626826347
851 602 91375833
116 999 398878502
830 889 193902881
872 349 917695578
59 961 840406601
462 699 461561218
29 385 953237341
483 840 433527711
400 718 732934141
286 127 990295595
741 924 133860576
326 61 468482903
500 721 121346976
670 628 367748590
346 192 968312564
1 39 438491727
440 208 354015739
145 101 841793082
727 733 368167712
806 767 373228242
280 328 777140036
789 834 188720014
959 962 607877180
427 301 815889527
475 900 412390601
602 431 432182797
803 790 475474370
82 937 221822385
359 735 54827055
432 718 887206099
199 534 853185763
830 873 454710801
386 83 283473608
115 685 785583786
862 527 186329560
388 672 306775038
102 584 139576377
162 715 121871644
843 480 100529866
73 396 489464122
215 654 63532813
18 388 661214903
43 935 829985863
15 305 93128852
579 296 946382030
679 702 516348459
752 739 261047549
996 734 87105955
515 718 428571318
142 384 741009835
987 622 425028843
562 250 881292850
261 536 28046268
422 423 541713304
864 87 472627484
209 942 981010078
252 840 378208260
447 673 971045812
293 952 275241772
471 305 486174544
29 810 565877666
156 351 504043946
371 613 655024868
651 647 558208057
666 759 898178840
862 640 761872910
952 612 592479815
128 563 533864421
789 720 925975928
471 42 309275241
684 585 273838717
712 360 934773226
791 652 851111473
972 928 382172774
553 661 310819627
472 230 56285087
913 993 173165852
67 708 860271081
968 380 396748738
76 771 245885640
487 440 99514783
466 794 706834496
388 845 358832533
310 789 989961115
36 611 210939919
116 177 423342916
180 529 738786538
941 354 806161156
460 346 263102828
772 120 661660412
546 75 582543511
301 492 394463036
153 583 444639602
394 905 972909912
219 607 803871088
843 315 65490800
845 145 625295146
925 92 590507614
67 818 31328800
239 789 668931581
807 254 333305271
855 623 792885780
380 90 356886787
990 874 937999488
433 892 24448623
818 955 395413890
659 967 671370819
686 446 569491473
198 820 133586863
288 967 906584165
523 576 50473961
35 984 581420954
515 741 40821065
208 265 518078300
35 157 937381197
58 925 600535444
204 433 601219929
351 923 68918552
10 527 792254984
344 739 505342603
436 50 765174991
664 493 55885316
603 500 823375871
770 616 118101671
888 894 27913839
125 532 820503371
902 267 582335070
626 986 33722478
382 341 965259615
182 546 41418839
563 806 227108433
575 421 469232334
327 32 989320612
628 464 983293964
579 598 75525496
981 521 633848853
324 768 527427053
472 899 41438823
170 80 910925754
558 645 184332470
480 156 140929642
211 857 725972054
723 114 416863707
585 690 506446492
943 133 488052766
269 122 91502649
223 339 679886275
848 554 921772481
688 746 46761466
211 264 116416140
927 983 858289223
562 306 494109649
841 63 763011674
511 294 843891989
952 611 383393559
50 490 210098841
815 968 649057046
74 838 626925004
843 221 50880158
957 688 168801481
414 721 259763424
727 667 42909792
197 240 399007187
200 414 354478593
831 3 526727066
223 282 697598729
477 554 911831828
383 348 306491037
191 382 706543293
613 23 741942765
422 170 430254627
203 296 115823264
151 606 673491721
17 708 600312702
23 417 387870026
889 212 210850052
753 627 243506674
819 673 106387420
784 571 737631104
218 322 30422197
549 632 78212199
130 925 811073251
715 212 253563656
283 798 576471925
669 336 442381726
502 849 696818983
675 528 68896691
330 81 111834440
799 749 343285503
187 150 219467051
520 973 611558016
628 794 461176271
379 230 871457269
679 900 711093217
61 479 630183643
640 604 777535178
602 20 987745688
713 805 931818657
171 235 670290419
536 560 844420411
697 529 75236747
340 622 127389121
924 516 641388095
410 926 102172871
608 155 454577033
799 570 290610054
157 877 203239416
252 280 36943069
924 9 172856490
820 169 44568170
627 743 765233725
