45 990
45 15 351580324
44 34 581539245
25 12 30188495
29 11 902342959
41 23 697073301
44 8 218134709
37 11 240589519
28 37 800593833
33 25 25247319
8 3 66038853
31 24 235551382
30 14 175557472
40 16 219578550
41 36 140335762
8 41 740443758
5 38 59935255
45 28 69924838
22 44 97172570
20 35 115277593
33 18 108318894
15 5 569576008
8 26 507637933
32 21 673462890
32 15 57976878
22 43 517224984
42 33 994400695
24 27 57745941
26 11 814259983
42 26 883421900
38 34 163928970
19 31 347912211
5 34 711187827
40 44 30124185
17 41 971902970
6 22 428232784
1 42 437699000
29 5 450465042
38 16 900933548
13 16 5422162
27 36 173258840
38 45 935074978
33 23 459828406
39 26 207036028
41 1 946061846
12 28 329391485
8 12 875245648
3 21 428754645
20 40 470297482
8 20 642222582
23 43 270768389
42 13 696599819
41 9 144527142
38 44 890548704
5 17 285789043
11 24 83907909
15 3 270257921
8 42 676242808
5 33 664145957
38 40 255930943
19 9 798881639
28 20 92634621
23 18 202548771
14 9 64467944
4 40 370520866
42 37 121595649
31 22 772722387
20 21 822076423
18 28 957956070
8 21 894010815
25 31 679052930
19 21 758418708
18 40 920870078
44 27 772620619
30 44 588805231
9 21 95904435
18 13 794952276
5 23 33505969
34 39 538833439
34 16 110101461
2 29 319939033
19 28 899057555
26 34 30882831
24 20 26487829
17 10 308159048
38 20 293746202
29 37 913307161
4 13 900549480
22 11 152194802
3 20 25862155
1 37 359307886
14 39 494658672
21 35 20377003
38 3 410143684
18 10 531993443
15 24 584367749
16 20 967464104
22 14 835129970
8 19 420055008
38 39 998841211
23 17 211327763
8 36 778024964
29 22 79552031
25 45 991152770
43 31 41411573
36 16 986796827
9 35 628814708
9 11 843004942
34 10 851351562
21 30 882186364
4 8 733782795
20 6 530768592
10 28 465896685
3 29 810418329
28 41 264223923
39 25 554161606
39 4 109987085
26 40 201667594
41 5 401541029
33 44 566122434
45 36 793349006
17 18 120586152
14 25 80515285
41 11 564900899
40 8 106930249
12 16 226136414
34 9 402611226
24 39 421710480
36 14 285870373
33 15 70272026
17 44 469514958
22 34 6239078
22 2 426301018
21 7 529010499
10 39 837015984
2 8 303219528
17 21 112626440
4 32 50017345
1 22 57460778
37 33 518950250
29 35 363342342
9 16 260916625
6 42 879867163
19 1 98626605
32 17 77462451
35 7 276399231
13 27 379261546
21 45 235224310
30 22 44469641
29 38 139797512
33 11 815305343
27 29 207535910
42 44 289768805
8 5 925321640
38 26 442511041
43 27 574648513
32 11 196540688
28 36 186567587
14 10 562818516
22 32 584311718
45 18 130340105
20 27 278172466
41 16 822159186
8 11 216086876
22 9 158250764
30 25 768443016
12 19 142559889
17 26 658317412
14 31 507645365
23 21 139377439
39 36 69075266
10 31 38265186
20 14 378387611
9 39 259003939
9 4 93746364
19 22 25234384
30 6 703642762
1 4 611589133
18 12 79983096
20 34 981389886
5 10 790952499
36 40 923487828
15 12 449230706
23 44 122032583
37 3 274345468
8 29 721717680
44 20 917991013
27 5 142138
38 25 915716518
43 40 465876098
40 12 97888825
11 17 339233625
31 3 708240340
37 44 490711038
42 38 76151639
6 43 32558927
29 33 622235523
13 11 958378824
21 34 574444795
8 37 899935782
2 37 995135065
2 45 223228779
1 39 512142561
10 29 834608705
25 26 13938527
12 37 267389895
31 38 95683702
19 3 728472961
5 18 820625296
23 16 7552443
26 23 718288448
19 25 756266649
11 7 795422932
6 11 775420811
2 31 323623197
12 1 953923172
11 2 445167354
38 30 44293904
2 35 872056324
8 16 636776590
4 45 481923549
35 33 454924554
5 25 254521027
36 12 849378673
10 38 642507664
4 2 574579664
15 30 140456100
22 36 692879202
19 7 36043264
12 44 722663408
1 5 981072018
38 23 44246212
14 45 686256207
25 27 332258766
45 1 720632473
4 10 403072681
27 30 206196932
19 24 108576006
36 32 426239502
26 33 17802534
35 3 675355419
40 33 67047721
18 37 414751834
37 6 51939440
30 20 626437613
27 33 679673498
8 31 308133317
5 45 769108160
21 24 355923494
38 43 960632108
19 37 162879081
31 35 946510220
15 11 880490077
44 24 255495631
2 13 210240473
31 28 292649185
13 32 842433383
3 9 114373005
12 2 519416447
29 7 139536986
10 20 587526557
34 24 825587497
21 11 319269124
41 30 548358662
6 25 104370530
18 22 776343895
23 22 307164032
1 15 177313072
18 30 542012379
40 27 26591957
28 14 726243233
8 13 638569744
13 17 36732973
36 33 299606403
44 19 800614155
6 3 831149735
5 36 451486836
26 16 504856205
7 43 709916481
4 35 331974541
2 1 725314194
8 27 629840540
26 44 905014122
31 40 290901474
32 28 66870443
43 45 202192944
18 26 490679886
26 29 829442774
1 43 34813108
33 10 390353350
37 22 770918803
19 4 74092013
44 11 315067200
14 41 134896427
22 24 94321113
41 32 605883593
20 1 95052156
41 27 442764284
17 15 143535972
13 6 167298323
14 21 593378853
23 25 190558798
26 19 856997391
20 25 943549371
13 28 959900682
3 44 451088191
6 17 48238238
34 36 895185706
38 12 404867892
9 20 90238715
25 40 150905834
12 24 890657821
17 36 797680447
5 35 541731692
41 39 431786042
3 30 311053887
40 29 288604930
17 7 788030072
11 28 622715193
9 8 22734664
7 30 231398973
36 15 536571648
4 23 696725877
18 9 634631408
19 35 116151895
3 13 127477832
19 40 950066836
35 10 482184414
24 29 339809793
41 45 48112642
22 40 892329802
23 29 108806866
7 12 331839548
26 45 124668457
40 17 110185049
5 32 844857631
25 32 827409931
44 31 537489335
25 44 584518290
29 42 380994060
26 10 55824847
10 43 804151841
17 28 440716407
42 34 498722509
31 13 461672670
37 10 39093826
27 2 123301226
21 40 604859636
9 25 445992984
32 19 15607131
35 12 427443324
41 40 254911652
36 30 54548503
17 39 46632975
7 20 788526903
7 6 84885850
6 36 310057126
44 13 641270597
31 33 70045807
41 42 782730329
11 10 127943841
4 27 159607486
44 18 128319109
22 5 934032476
35 39 842428808
20 42 127876513
7 39 783676645
31 11 398456123
23 11 79196650
16 29 101353025
40 30 599404517
4 15 857289273
45 44 357027292
45 3 504034548
44 43 211179786
24 35 588481162
33 17 145724841
39 27 850923240
6 12 78651817
10 9 128705611
4 20 400719748
23 14 448899291
42 43 710978576
22 8 696505464
42 25 443362712
43 12 719496979
7 40 79663081
23 24 405229629
14 40 200419317
6 35 470620025
1 16 902655780
14 13 728219199
33 12 759535127
43 20 868140133
21 41 817994191
45 37 512050346
32 6 163355277
27 45 945356829
39 43 71538851
32 43 848790588
39 31 429356728
25 24 442788340
7 14 432478725
30 31 57840072
34 13 717959629
24 37 909393477
15 25 355754174
16 33 332240126
30 8 624955211
16 31 616522484
26 21 824097886
42 9 256993698
5 3 13181106
35 44 6548230
43 2 675083266
41 22 272331926
12 10 828970906
26 1 861124358
28 9 568614565
7 4 123566185
11 30 90402979
28 22 11831216
26 30 714340522
27 19 551053332
33 1 954400325
8 32 56690844
31 42 957924089
2 5 553556614
39 5 986799118
13 1 529482224
12 3 946587078
4 44 131321418
3 16 737253432
33 2 977806035
2 34 472673258
37 14 457209882
20 19 253506242
14 17 457254731
42 40 881196790
22 39 708059757
2 14 492639613
36 20 300705384
9 38 924933892
22 12 183441577
24 13 951614900
36 35 977815153
25 41 336292773
2 39 812262054
3 33 226492464
44 10 899629465
30 29 63074399
3 11 621738015
35 26 219065674
39 3 662516334
37 9 674189508
21 27 603583367
34 6 862241329
24 33 535520662
11 34 268098453
35 43 850472909
35 8 198679421
34 33 2185967
7 22 57253609
30 2 899770797
31 15 377292416
5 44 780309761
37 15 628337143
23 42 831964287
10 23 359928943
6 24 984484289
26 15 366487627
12 29 102215660
38 15 930775271
35 13 234262434
34 35 66681352
30 42 399713407
13 23 876469969
16 17 949353221
21 22 269312639
20 23 16487019
11 18 84755254
27 7 331764016
27 12 102761470
24 9 678938437
30 33 238477640
36 43 558888076
21 10 418662123
23 45 382211818
36 42 569522353
33 4 731215339
1 35 598021669
17 12 845447749
43 5 261792453
27 23 768238503
40 23 107792013
4 28 459282509
45 11 814090636
16 45 230296373
3 34 894891602
11 20 606936323
11 14 112457057
31 23 817350038
6 21 612135050
13 20 25188256
17 20 958616074
22 35 424509508
2 41 315596722
13 33 930660922
8 6 515364019
39 29 361353979
17 1 242242016
45 30 715444982
13 30 236854409
4 37 399674205
5 19 580077468
31 21 328816984
32 35 481923673
35 23 142112118
45 12 892170915
39 37 565297926
21 29 562725501
44 36 722906977
14 32 323701493
28 8 471425354
26 28 374908100
36 19 743342695
41 4 682248533
36 37 14384987
33 22 247003009
18 24 29930228
20 39 540895352
2 10 950079648
43 11 560389087
8 25 396790253
29 31 470840130
6 28 266625618
8 1 702113374
31 45 705762588
17 38 370989148
32 34 28369871
40 37 778028988
43 25 341751802
44 16 546576554
1 32 824304821
45 6 55973630
38 14 278779346
26 12 352399242
41 43 409468386
2 25 142695846
1 27 692874560
34 19 70365015
18 25 441202692
41 15 156124910
40 28 508605477
8 18 28051147
2 21 185608194
39 21 69141532
19 6 543223432
5 28 165371271
9 26 456914439
31 9 29397680
25 34 353884337
20 32 402799691
12 5 466862599
12 34 337063833
35 37 249100887
37 16 83648986
35 17 706100055
7 2 72360154
36 1 292666372
18 16 207712
8 17 19894671
41 35 372587238
15 40 991979076
3 22 141773202
12 42 909525312
42 35 379871515
16 14 293564913
7 13 656086936
23 7 503026394
7 3 934549920
30 12 89845517
2 32 435305904
27 14 495461846
10 8 202385351
11 39 685705773
38 33 176082896
7 45 232354815
31 18 284525679
27 9 685765797
16 43 239750327
39 33 745580830
43 33 285945049
12 9 366959852
10 40 685051723
22 16 90670797
20 5 481080215
43 4 405597295
40 13 661433894
1 11 767047012
40 45 734483433
29 41 468705157
39 15 688393358
36 11 267790723
41 10 874208391
25 13 543842871
1 23 692224266
12 32 422475831
29 28 936010123
16 30 567918681
10 15 315032986
7 25 24071534
4 21 446635025
42 45 773294700
36 23 107069409
17 4 339319448
1 25 463403039
39 42 615416642
15 2 138463955
32 16 902435575
44 9 928507354
25 21 81730480
41 44 44744723
6 15 43849504
23 39 920628182
14 44 477980438
4 29 572158517
2 20 117269966
36 25 545022996
42 28 303399295
28 38 263173965
27 38 217974334
27 18 912937552
22 13 313888423
12 11 107251793
8 43 831413270
39 13 108138832
27 15 798340886
18 4 135531344
17 19 842416167
15 22 452689830
21 15 255732572
4 31 412186406
32 39 122283621
32 23 602195474
14 26 75066071
38 37 19667163
23 15 794870148
24 41 613108991
3 14 433216988
4 14 530465478
20 29 515333865
21 13 848491432
43 26 860579050
24 43 717549837
1 28 752482304
20 15 763736608
5 16 890992260
22 45 90124139
38 22 339293236
25 10 664973300
2 3 515535494
6 2 326243922
34 7 152086141
18 39 650777367
30 39 976557394
32 26 239130094
18 15 828800244
1 34 916590848
34 40 904392649
23 12 934671984
31 37 819456637
16 15 527859626
13 10 188509405
9 32 726019785
30 37 233315128
28 16 485274957
43 9 890442009
14 8 812635423
7 10 369667863
42 4 415649775
6 39 17244463
30 32 601483807
9 45 638508769
41 18 488219611
1 24 790295296
5 30 19068686
39 45 492768750
37 27 947657078
15 19 757054958
23 6 142914284
37 41 954031941
42 24 217254759
3 26 813136811
21 18 395035254
18 7 419873324
42 2 621540256
27 22 841440251
29 43 195960052
34 29 165423243
10 3 524315725
39 12 435271656
37 23 817809574
26 13 748976343
11 16 759677438
21 1 84483530
43 3 665133524
25 37 133892146
32 37 767991775
32 18 448736002
25 35 236130257
40 24 666432159
21 5 860150666
19 29 425423021
19 10 584433376
3 18 656279051
12 21 761562741
12 41 433659476
1 18 264457735
41 20 349107862
26 36 436902588
1 30 21746977
9 29 399622291
37 13 566867642
27 35 397988013
33 8 796492084
18 38 34033097
38 11 350228644
3 27 545960704
18 42 131946802
5 11 525639377
10 27 676460220
31 7 494321718
41 7 145742040
30 23 955795727
21 33 193854881
5 7 51141550
10 24 140855765
2 18 468429763
6 16 634201019
9 6 317468310
22 42 550211211
39 28 513543501
24 38 108967691
2 17 538287533
28 2 663004196
26 31 833397658
3 32 804251045
28 7 515808505
42 10 92828173
16 39 667999134
38 32 374336731
33 28 64469806
14 15 795572001
13 9 139045568
13 12 92990885
25 16 751266514
37 17 689207180
27 11 753414390
31 32 647936807
6 31 502367938
33 19 321874630
18 36 376063908
41 31 682739510
32 24 21162618
36 9 808634227
44 2 51190756
40 9 858121140
15 13 309157685
43 37 847821731
12 31 153929652
14 1 908514515
41 26 329451342
33 14 841205386
30 9 931973467
19 14 370484262
1 31 544130070
4 11 512900008
2 38 759792530
28 24 956981680
38 21 147342801
5 6 788276286
36 13 391395256
16 21 998881346
14 34 690119068
1 3 640785502
35 11 99993978
27 6 385084068
27 26 474462073
8 24 321984744
38 8 384788172
36 29 319124866
21 44 278820806
45 24 146515176
15 7 104459824
29 25 231084357
7 38 288566208
3 24 81395329
32 33 19944242
19 39 97983495
3 40 700606679
5 37 753527772
36 21 940480532
35 18 477362027
16 27 402820530
16 42 551379179
42 21 591854261
2 40 255445972
17 34 21298986
18 6 895019893
2 24 773538526
34 31 119876453
14 6 799529271
17 3 909981537
31 27 74500096
34 23 275184541
32 29 587750651
31 17 605171945
39 40 21782253
3 28 203475899
43 30 480129828
3 25 471051118
39 44 215127333
28 27 797433510
37 21 799336118
19 13 826894089
29 45 469184501
11 19 755387552
28 25 366828533
13 5 726700390
5 42 677046787
38 19 122186681
42 7 555291629
38 36 414720748
14 12 116319715
5 4 6127967
26 4 611511316
17 30 840990100
3 23 554690353
22 26 39661716
44 32 471936284
11 40 250298290
22 10 30019195
13 45 158471365
45 20 301592897
31 20 358352755
42 3 610182567
21 43 155806753
4 22 416536673
44 1 482559259
24 30 669540908
30 19 70274764
25 22 812617620
19 41 408298990
26 24 83179760
44 6 826912324
41 33 443911934
45 34 496374378
34 15 362763937
44 7 761551512
17 43 167412771
6 1 551629661
15 42 767898256
27 42 258753318
6 26 430181553
41 6 56650435
37 34 906503649
45 17 752010201
16 7 812206536
14 5 802656183
44 29 506515575
18 34 876987301
34 8 351636922
36 24 257920182
7 32 338408489
4 24 31205877
1 38 567669870
36 2 297182920
1 7 35311774
28 34 82181917
38 13 688855490
43 34 8228350
43 19 523922854
13 43 192618342
40 35 155486558
32 40 69744330
24 7 1011065
37 26 127872012
4 34 55663719
6 29 423464478
2 23 146565794
3 36 654810527
31 5 421777395
4 12 269017388
20 22 93567733
45 8 298743362
10 30 401682266
14 43 68029401
28 15 13315660
33 9 739984337
37 20 145051824
14 24 797820766
17 42 903762563
33 20 728692517
32 27 120553749
17 24 420409009
42 14 673238368
33 7 265998356
30 34 83579116
30 35 915566436
15 8 539818389
30 28 990579398
36 10 198708997
36 4 36514172
9 2 382469214
9 15 207927112
29 18 258683396
8 7 347997425
24 5 785023204
26 5 94462092
29 14 430070265
29 17 805700276
7 26 344121842
17 9 901481224
15 29 340317024
33 45 996626906
16 24 923954793
18 20 549159645
4 30 715126763
34 27 899660982
29 13 764843974
7 36 471325273
1 9 310648115
43 28 454343588
37 7 106429793
28 21 935633756
2 26 944306064
18 43 662102496
41 13 858415144
17 22 726660656
34 41 729937989
10 45 252729259
33 6 852011716
10 6 809370826
10 1 825296960
3 4 802940678
1 29 900595217
36 31 11908524
26 20 42469297
45 35 372067827
14 35 632395387
40 6 493704429
41 3 962777027
16 35 13488323
18 19 925067939
9 5 323687109
38 4 100383342
4 16 652022679
6 4 685200408
9 7 752394507
6 38 118100207
38 41 342770077
35 15 73558075
9 23 779911956
15 44 733657552
11 25 94297202
42 19 98115848
2 19 147347046
42 11 970772357
2 16 119743385
14 18 165151611
45 19 121354623
23 8 352594700
25 4 965799645
44 28 644363126
5 40 694383051
16 10 100773144
19 16 292491747
35 28 977124916
38 35 306201604
8 39 104222133
17 27 685244243
23 28 216798308
45 32 802837682
32 42 800924032
15 43 550617122
10 32 463124896
23 19 18028077
12 20 331786761
25 17 465242405
40 1 477289636
