100 47
5 12 226285924
65 84 942284818
33 32 286584655
18 56 5973568
16 23 121134544
81 83 567301437
87 83 94815408
46 11 628233023
96 39 707348429
32 17 835183342
83 74 248083799
81 66 142832777
3 67 173623407
75 25 548487977
88 42 546691579
61 18 506408176
97 69 147896334
28 58 557981962
35 21 964980044
53 36 147646464
29 85 129690472
22 23 319446239
82 72 732889116
35 82 779759021
97 78 103161604
29 40 972953454
34 23 21597567
67 8 611969285
17 76 129248047
38 48 882851646
47 37 229362449
32 84 114663254
70 73 744269653
55 6 567520886
94 77 986002887
96 12 695996854
84 16 172097720
79 18 499163916
14 84 78233045
21 29 84283077
67 26 829886975
39 9 948091590
67 41 310522030
13 77 879616838
26 91 458240164
1 25 998014251
81 100 629227620
