100 318
7 13 687577176
37 66 268074274
100 70 816407808
75 18 419779947
25 48 708828479
12 78 154188555
33 2 845183736
9 73 779396972
94 25 722184
43 98 729255654
60 61 237776988
25 52 138917455
50 53 390959789
61 50 212388633
86 22 879490225
38 99 470053301
75 50 841439354
16 76 223815138
65 9 761677670
89 22 605631296
9 59 509796928
34 76 935103546
29 45 814069602
94 33 938837160
47 9 426320655
38 71 864593970
74 91 595249205
12 24 103678228
54 88 838868613
50 86 169803739
30 83 306893477
52 62 299299558
2 79 323824095
47 65 252259871
50 19 989040838
29 33 225423933
36 41 916570599
10 26 250503328
95 33 908390173
18 45 965544243
100 42 264573272
35 70 822707720
66 16 451626429
3 5 79194061
19 56 116909109
25 60 275389458
1 87 172453701
69 4 801102842
60 21 127319242
50 36 808259640
60 71 893627203
58 90 146376444
50 4 717227383
14 80 40255404
40 56 531670437
100 25 322363931
55 50 214109319
48 61 472855653
27 49 863559927
15 26 581123119
41 80 27984460
60 46 60018874
9 37 786457057
3 73 26208415
7 75 943270678
35 67 884605000
16 95 314665310
99 6 112020402
51 75 873439836
89 6 530961508
42 10 791724063
9 94 796863603
86 71 510236848
91 94 28301844
3 74 83373986
67 66 11915623
52 51 938635774
50 1 680703300
80 86 379738657
21 91 86999177
70 17 482845249
1 70 869794719
53 62 164861769
62 93 119328965
7 95 726793591
73 83 381803333
57 51 657365046
28 61 798532421
54 16 529777356
30 96 379957607
32 45 470259261
97 18 770290748
65 97 493011670
95 99 785155463
69 54 665005074
65 76 974934792
49 63 967514884
20 70 87941071
9 48 470412719
86 81 54080665
3 20 523213182
94 65 682107523
95 25 853042539
31 41 912210854
86 82 139536760
73 35 626233792
97 1 246583956
66 79 868832810
5 98 107243057
77 32 280795452
98 37 175096450
28 63 27971505
43 19 684249478
3 86 945937394
90 5 345949392
3 14 922270847
6 27 68636926
24 65 604939672
27 78 972195660
35 19 780186390
2 63 235413370
42 24 101537701
64 60 604604097
3 75 409542134
22 87 188807768
48 87 183694585
47 72 98484663
32 52 836982106
26 64 280210036
21 77 467583631
42 95 884922309
56 21 676975222
19 31 685667631
18 83 219890140
41 78 439879117
51 63 446226646
87 32 121178838
26 50 129730137
70 58 481827299
88 99 652750115
57 60 714407122
45 57 944752166
6 50 960157861
41 44 16785024
18 7 387638169
55 96 734115031
56 97 242032071
88 97 349556841
63 23 556904101
92 32 416832560
13 91 106659780
40 82 626527816
26 42 304850966
78 52 69688122
15 36 958879250
69 43 44034993
72 33 385281552
93 34 991570602
79 70 992561571
56 89 716138821
81 65 170455
86 89 186933176
55 44 724683924
11 10 57532884
89 21 768016449
80 83 494751302
63 37 480630255
16 79 865877374
78 87 14082109
62 23 350726745
46 93 20275114
20 80 748420357
71 79 783845087
71 72 399228386
46 96 433125954
64 44 892924432
20 95 146530453
93 91 129278314
39 33 692526431
45 13 678004402
59 67 330489404
31 13 817615722
62 4 289729622
74 14 959572243
75 69 567202560
99 35 486486345
57 100 722798247
97 81 416219534
18 20 248980279
56 66 679614558
70 87 541540387
66 15 448426556
66 8 358134252
41 6 364161931
90 77 120016923
52 57 584565478
37 54 703912924
93 52 174134520
60 24 31563860
11 70 920102608
13 23 386368010
76 24 210792497
47 90 954063495
37 68 402125487
99 4 168357734
78 75 13217765
35 56 62436202
59 28 726405817
43 90 819352797
42 75 320869761
52 77 658437134
77 57 931649491
80 59 963837980
32 71 719407539
13 82 242757459
47 87 575996111
70 67 139287702
31 54 885632902
99 83 219390961
65 86 982875585
34 43 592105192
12 31 49358681
40 69 664346451
71 23 892214788
32 40 701736970
98 29 321791954
3 71 587830291
29 74 388045937
73 41 50887505
33 62 960626874
85 71 133909105
82 87 86513424
64 100 874053913
4 93 78636399
50 90 174092484
18 60 772650024
80 76 477216112
25 77 106394323
67 53 573757464
78 62 651322983
15 78 778187887
33 92 561320778
36 81 875247465
37 84 381290397
39 7 786747498
45 38 718902415
43 82 867153325
54 18 865798334
72 62 497955703
43 96 44985634
80 50 800144002
96 61 720171345
25 18 287997304
26 95 540249261
75 64 484196413
100 26 10063227
50 65 377709647
22 77 86878610
66 48 365390964
78 20 307568413
35 12 272920542
54 1 852284865
97 98 732718834
62 67 900440305
3 24 551166406
57 21 765454307
18 87 872066118
59 15 607521693
53 92 646788593
69 97 557134544
84 79 450672759
5 97 68725632
34 97 925429660
12 48 821063677
44 63 423289661
5 78 356418255
13 75 217686273
3 18 493220181
52 76 98182726
85 2 948768538
77 53 299352984
87 50 794051630
14 25 117019149
34 74 158384886
12 52 880182018
37 36 612923945
31 11 959586411
23 81 263496079
100 13 124628556
7 8 575166581
12 30 310038268
18 96 680504815
95 24 872246870
32 35 986471436
64 82 111485159
11 59 530390928
14 48 687017725
53 99 953433356
38 46 769727040
57 44 939827153
60 47 808203172
8 17 60970907
88 3 171798590
86 84 138190138
49 31 718325292
21 61 154619913
44 7 704111203
90 53 769988629
14 12 817862336
7 67 296868073
15 49 49607790
73 54 924842054
86 66 564681124
20 72 318372167
71 18 240847215
63 1 977088751
32 82 775591420
50 85 960648585
