474 100
248 260 516592803
101 196 766794404
271 140 460442557
261 450 633143164
160 256 956735423
19 109 998744180
147 277 908472237
121 371 415687995
103 119 636687743
148 259 849678826
262 322 932802908
108 19 39562102
78 132 982943290
410 240 611688120
193 332 419665988
455 414 399275893
300 19 727191624
395 167 656735144
150 106 376674791
10 78 984899540
151 291 114415944
175 150 427499127
241 1 197599620
33 104 750114647
344 310 498892929
293 153 409927555
80 237 852457647
109 66 889658745
136 59 366618664
274 59 103003318
282 81 551191936
474 419 857157612
290 140 481421232
189 375 958440541
332 296 102024006
341 393 801769284
453 198 529591693
56 276 13382415
261 396 842467534
197 329 938339773
348 134 70606427
106 421 789774924
172 228 662849285
87 152 516470254
35 145 569430620
155 428 846454424
227 75 88549708
194 106 680480594
249 71 411979610
438 418 28135534
111 290 50897463
450 143 770938939
276 88 94886874
380 12 799444786
425 58 86221961
283 362 527437025
106 155 188483819
224 392 425209268
262 298 811838736
133 285 83597329
37 250 738200098
161 2 354280396
95 207 113973070
202 106 598090149
270 127 179403056
329 46 427926739
98 323 819448945
126 374 69772577
349 163 502872027
176 10 773980455
301 443 663359802
118 307 330355157
384 97 104663108
8 107 586666033
391 444 221776782
356 204 366346110
84 254 682890448
79 363 237126302
62 318 254999194
337 248 245279791
45 19 530686866
321 270 41244699
174 124 801279248
226 246 20398600
370 167 739484743
454 65 576314650
57 67 759328625
5 65 81937008
255 324 261345341
456 9 46286306
31 43 595419766
95 398 356003943
317 261 248142416
123 309 19833889
187 7 390757544
446 454 220238052
386 164 602503415
145 146 466370980
159 367 891850027
466 392 504282678
