672 100
450 654 216495028
334 447 45730649
195 341 616258207
443 379 816468832
537 631 243970057
553 199 68181796
186 509 715168001
432 485 378549093
499 58 174966394
207 352 121009247
494 214 782231548
417 171 819379552
421 211 261089557
427 59 180324425
659 180 371452485
569 556 141025091
380 337 789405516
588 521 68509944
46 627 912770152
534 122 108968137
45 610 204674766
262 666 802491670
17 369 116051778
472 148 552061458
153 339 215777415
43 118 951038059
400 404 653542249
144 46 152416749
625 616 454641658
638 359 108199263
100 397 873783857
618 535 235103288
296 608 230494585
159 344 262011858
184 66 801105617
590 440 163822880
498 37 167985652
343 121 477133110
213 470 239871590
536 301 285511301
32 195 533811415
363 581 673125684
524 404 565602360
115 507 339681790
61 568 585475314
202 207 430247158
339 448 587207248
582 368 506190380
653 622 643464317
478 559 95426027
382 336 661554294
257 663 538958385
565 198 576482735
583 613 43407306
332 134 790360350
498 591 318273523
129 628 885694693
411 462 641584992
650 609 297131205
5 155 741381408
335 307 284040508
383 255 213488162
646 324 473535646
266 65 471729793
265 632 944603614
556 360 274618675
379 362 397295241
324 497 112880024
666 116 548321521
248 164 123188891
409 265 47379382
360 637 655422933
357 627 175898148
634 10 266809967
7 136 942339253
343 484 603254809
197 336 628845773
245 551 221666791
438 194 620336129
513 105 847233824
211 213 450920491
357 196 205614994
277 4 878040335
16 299 545627202
385 548 330266022
181 183 566484641
440 30 312402223
380 192 235479529
549 594 165908744
324 577 323960222
575 371 340139303
58 160 93390627
170 273 865575071
69 441 52457203
393 660 177265759
499 245 498416584
623 57 126696010
54 486 867634943
108 14 80936762
90 94 692535887
