644 755 999
178 310 999
41 30 999
503 589 998
208 982 998
820 718 997
765 251 997
647 117 997
551 847 997
280 21 997
737 363 996
721 662 996
670 874 996
149 136 996
51 121 996
972 190 995
851 398 995
825 630 995
662 876 995
654 788 995
337 409 995
265 986 995
980 682 994
963 50 994
948 890 994
822 943 994
814 969 994
678 302 994
482 848 994
474 70 994
422 459 994
296 484 994
286 940 994
278 884 994
103 9 994
848 404 993
816 685 993
782 860 993
311 644 993
266 176 993
247 963 993
243 60 993
600 742 992
463 9 992
98 598 992
39 494 992
355 770 991
77 246 991
895 308 990
839 218 990
517 441 990
500 155 990
315 193 990
839 655 989
691 332 989
683 213 989
15 159 989
1 335 989
591 287 988
325 295 988
279 299 988
940 164 987
717 407 987
658 334 987
525 508 987
449 687 987
413 675 987
353 264 987
994 18 986
891 784 986
819 480 986
675 610 986
579 114 986
513 962 986
488 804 986
362 833 986
235 124 986
20 941 986
995 35 985
757 157 985
456 112 985
354 485 985
517 28 984
61 577 984
698 146 983
612 616 983
584 931 983
83 813 983
940 9 982
798 678 982
604 439 982
483 565 982
469 710 982
83 686 982
73 469 982
947 905 981
994 438 980
818 53 980
493 971 980
281 540 980
941 288 979
867 17 979
651 989 979
519 84 979
314 557 979
191 908 979
115 505 979
849 504 978
444 199 978
379 824 978
134 833 978
103 872 978
101 39 978
82 396 978
953 973 977
838 22 977
686 978 977
475 886 977
807 379 976
350 632 976
251 18 976
117 543 976
693 685 975
687 609 975
439 196 975
244 885 975
18 984 975
8 183 975
955 244 974
744 881 974
529 222 974
95 734 974
18 49 974
673 763 973
608 996 973
467 869 973
464 780 973
445 840 973
110 139 973
973 346 972
551 268 972
522 297 971
379 863 971
138 715 971
984 405 970
573 914 970
514 482 970
223 425 970
162 886 970
78 533 970
689 564 969
588 146 969
573 521 969
410 883 969
366 165 969
37 218 969
591 94 968
590 8 968
257 528 968
232 357 968
905 870 967
485 530 967
399 497 967
133 373 967
127 478 967
948 211 966
878 805 966
772 442 966
625 341 966
522 980 966
673 703 965
591 843 965
420 138 965
866 659 964
779 526 964
748 546 964
423 121 964
588 512 963
398 294 963
244 550 963
139 515 963
66 636 963
871 929 962
582 989 962
537 990 962
938 346 961
707 996 961
347 905 961
211 942 961
958 313 960
414 89 960
723 572 959
103 761 959
99 759 959
953 479 958
746 106 958
603 407 958
183 160 958
166 459 958
720 733 957
