949 166 999
587 631 999
254 254 999
116 372 999
932 115 998
647 227 998
545 454 998
387 840 998
106 386 998
928 923 997
743 681 997
595 181 997
265 174 997
480 153 996
195 336 996
134 221 996
893 769 995
654 810 995
333 665 995
196 505 995
910 309 994
719 658 994
698 856 994
105 302 994
33 66 994
438 899 993
17 416 993
956 526 992
934 507 992
883 461 992
879 646 992
741 614 992
667 462 992
637 160 992
352 279 992
309 828 992
299 681 992
249 503 992
929 550 991
893 411 991
645 130 991
232 817 991
152 897 991
980 414 990
770 538 990
499 577 990
218 158 990
145 32 990
101 306 990
69 608 990
924 790 989
504 32 989
992 711 988
852 346 988
814 718 988
246 773 988
206 756 988
109 320 988
994 830 987
990 68 987
627 266 987
567 851 987
119 224 987
889 330 986
868 633 986
661 589 986
472 359 986
282 716 986
200 42 986
193 601 986
994 837 985
862 526 985
475 203 985
59 890 985
485 582 984
325 471 984
59 661 984
2 471 984
935 867 983
553 605 983
375 578 983
309 999 983
176 72 983
145 640 983
718 556 982
979 205 981
776 432 981
560 34 981
552 509 981
366 521 981
306 699 981
239 154 980
52 856 980
923 567 979
661 994 979
404 92 979
147 701 979
155 653 978
113 185 978
77 297 978
781 685 977
667 558 977
30 326 977
961 839 976
799 572 976
656 926 976
418 97 976
385 119 976
225 359 976
14 185 976
973 468 975
596 587 975
591 984 975
409 266 975
186 943 975
185 815 975
941 140 974
871 108 974
844 605 974
731 992 973
382 138 973
820 642 972
355 904 972
262 954 972
732 588 971
684 120 971
518 386 971
497 541 971
9 730 971
520 906 970
200 300 970
177 219 970
3 563 970
757 325 969
342 384 969
57 384 969
766 334 968
458 459 968
170 706 968
939 974 967
836 128 967
602 211 967
400 324 967
84 525 967
782 232 966
673 95 966
551 667 966
447 97 966
328 93 966
524 644 965
440 53 965
375 352 965
117 595 965
780 357 964
770 162 964
766 969 964
353 133 964
967 75 963
697 75 963
246 65 963
210 855 963
883 83 962
714 292 962
534 636 962
355 75 962
160 718 962
931 644 961
577 339 961
352 91 961
346 832 961
338 110 961
991 24 960
944 629 960
911 369 960
481 669 960
475 896 960
279 357 960
173 297 960
81 985 960
310 89 959
108 587 959
509 716 958
378 321 958
167 104 958
94 129 958
21 238 957
898 48 956
16 715 956
935 697 955
656 684 955
636 978 955
390 342 954
347 359 954
210 871 954
969 662 953
725 206 953
372 243 953
810 422 952
666 1 952
270 865 952
