10 5 8 96
4 113 78 171 217 46 263 135 670 818 730 487 754 407 891 1000 896 164 946 490
1 2 3 5 7
10 7 8 22
157 606 195 547 291 176 459 750 513 662 684 782 693 25 770 68 858 337 996 169
3 4 5 6 7 8 9
10 3 68 44
34 454 67 945 81 782 86 984 136 534 383 492 411 980 555 768 577 707 985 356
4 5 8
10 2 203 78
303 763 403 66 455 82 507 741 547 797 584 592 611 877 875 177 919 529 975 127
1 2
10 9 1 32
120 141 268 61 292 1 301 420 444 683 511 485 612 799 733 880 801 669 826 157
1 2 3 4 5 6 7 8 9
10 4 22 54
208 542 228 938 253 357 275 970 509 69 515 889 536 566 583 18 614 367 944 585
4 5 6 7
10 10 1 12
144 138 211 755 216 245 232 136 735 109 747 24 772 67 783 968 799 883 948 90
1 2 3 4 5 6 7 8 9 10
10 6 12 46
45 749 342 585 430 508 477 50 624 781 656 441 777 780 815 190 928 982 961 177
1 2 6 7 9 10
10 9 2 83
321 874 339 644 345 594 365 986 409 342 423 642 476 859 531 590 580 342 891 477
1 2 3 4 5 6 7 9 10
10 4 2 57
8 39 67 253 108 191 446 638 549 412 641 158 693 343 764 486 823 957 889 360
3 7 8 9
0
