10 7 6 29
140 227 402 552 411 720 429 424 492 981 580 685 628 481 691 393 720 344 781 730
4 5 6 7 8 9 10
10 4 39 74
84 183 298 176 358 532 418 532 428 635 441 850 493 725 632 612 713 723 741 323
1 4 9 10
10 3 127 63
28 93 78 434 155 431 174 494 512 426 694 313 751 427 766 894 778 945 890 502
3 7 9
10 3 64 42
109 867 233 251 283 484 437 986 481 520 496 613 684 121 752 827 798 604 917 546
7 8 10
10 4 45 68
176 876 268 511 273 670 278 586 315 625 457 675 531 843 838 84 870 764 892 244
2 6 8 9
10 1 267 88
109 628 161 724 281 17 310 595 478 557 508 159 513 154 764 696 920 319 995 692
6
10 10 1 84
5 358 44 44 58 305 232 399 381 705 393 996 550 356 557 763 639 594 712 692
1 2 3 4 5 6 7 8 9 10
10 2 95 35
30 514 194 667 241 106 294 131 461 322 553 662 560 847 818 554 874 855 885 385
2 6
10 1 215 83
59 339 310 553 350 579 450 522 479 3 522 989 542 906 581 208 656 293 920 521
10
10 2 184 56
6 807 66 395 168 732 350 162 355 601 518 866 633 984 827 80 874 429 988 205
1 9
0
