10 9 2 17
77 484 96 922 191 429 233 58 412 926 726 658 765 133 781 534 864 900 874 249
1 2 4 5 6 7 8 9 10
10 9 1 56
37 917 45 634 68 284 503 366 534 93 588 373 823 348 828 706 844 649 909 41
1 2 3 4 5 6 7 9 10
10 1 31 21
30 27 55 447 124 240 167 955 271 908 315 863 616 92 647 978 717 412 722 459
8
10 10 1 18
58 304 96 175 212 528 359 21 389 64 538 636 619 497 902 15 926 628 971 635
1 2 3 4 5 6 7 8 9 10
10 5 14 57
166 547 201 128 207 728 213 941 292 451 318 877 495 538 524 496 638 419 919 852
1 2 7 8 10
10 2 72 91
1 659 14 589 162 189 195 857 296 181 305 949 320 385 742 252 788 968 937 771
6 9
10 7 4 23
290 136 341 602 415 579 502 857 600 358 714 477 762 546 800 796 875 145 938 19
1 3 4 5 6 8 10
10 9 1 14
214 321 261 2 266 215 285 284 374 595 437 426 492 523 510 781 629 208 986 769
1 2 3 4 5 6 7 8 10
10 1 190 77
41 176 121 455 146 462 180 798 230 52 362 425 564 124 697 917 870 220 961 60
9
10 7 7 56
59 600 345 167 422 916 461 227 538 91 595 690 652 392 828 321 833 723 962 836
2 3 4 6 7 8 9
0
