10 5 8 11
4 113 78 171 217 46 263 135 670 818 730 487 754 407 891 1000 896 164 946 490
1 2 3 5 7
10 5 8 12
4 113 78 171 217 46 263 135 670 818 730 487 754 407 891 1000 896 164 946 490
1 2 3 5 7
10 5 8 27
4 113 78 171 217 46 263 135 670 818 730 487 754 407 891 1000 896 164 946 490
1 2 3 5 7
10 5 8 28
4 113 78 171 217 46 263 135 670 818 730 487 754 407 891 1000 896 164 946 490
1 2 3 5 7
10 5 8 41
4 113 78 171 217 46 263 135 670 818 730 487 754 407 891 1000 896 164 946 490
1 2 3 5 7
10 5 8 42
4 113 78 171 217 46 263 135 670 818 730 487 754 407 891 1000 896 164 946 490
1 2 3 5 7
10 5 8 43
4 113 78 171 217 46 263 135 670 818 730 487 754 407 891 1000 896 164 946 490
1 2 3 5 7
10 5 8 59
4 113 78 171 217 46 263 135 670 818 730 487 754 407 891 1000 896 164 946 490
1 2 3 5 7
10 5 8 73
4 113 78 171 217 46 263 135 670 818 730 487 754 407 891 1000 896 164 946 490
1 2 3 5 7
10 5 8 74
4 113 78 171 217 46 263 135 670 818 730 487 754 407 891 1000 896 164 946 490
1 2 3 5 7
0
