500 469 490569149 96
2 113 7 171 12 46 17 135 22 818 27 487 32 407 37 1000 42 164 47 490 52 98 57 272 62 672 67 217 72 606 77 547 82 176 87 750 92 662 97 782 102 25 107 68 112 337 117 169 122 855 127 149 132 283 137 440 142 454 147 945 152 782 157 984 162 534 167 492 172 980 177 768 182 707 187 356 192 236 197 2 202 190 207 783 212 763 217 66 222 82 227 741 232 797 237 592 242 877 247 177 252 529 257 127 262 958 267 779 272 850 277 320 282 141 287 61 292 1 297 420 302 683 307 485 312 799 317 880 322 669 327 157 332 792 337 646 342 372 347 538 352 542 357 938 362 357 367 970 372 69 377 889 382 566 387 18 392 367 397 585 402 589 407 273 412 997 417 113 422 138 427 755 432 245 437 136 442 109 447 24 452 67 457 968 462 883 467 90 472 366 477 200 482 592 487 457 492 749 497 585 502 508 507 50 512 781 517 441 522 780 527 190 532 982 537 177 542 828 547 387 552 870 557 834 562 874 567 644 572 594 577 986 582 342 587 642 592 859 597 590 602 342 607 477 612 773 617 269 622 424 627 567 632 39 637 253 642 191 647 638 652 412 657 158 662 343 667 486 672 957 677 360 682 603 687 430 692 258 697 760 702 175 707 756 712 468 717 733 722 410 727 571 732 573 737 349 742 131 747 758 752 616 757 982 762 720 767 619 772 89 777 302 782 713 787 312 792 956 797 258 802 15 807 648 812 438 817 328 822 162 827 487 832 833 837 499 842 999 847 587 852 648 857 543 862 415 867 175 872 25 877 75 882 902 887 868 892 486 897 453 902 651 907 13 912 758 917 838 922 646 927 50 932 728 937 982 942 543 947 572 952 40 957 467 962 307 967 840 972 153 977 123 982 470 987 320 992 784 997 976 1002 997 1007 69 1012 496 1017 213 1022 936 1027 70 1032 322 1037 704 1042 531 1047 439 1052 281 1057 809 1062 981 1067 863 1072 566 1077 739 1082 189 1087 285 1092 323 1097 212 1102 919 1107 847 1112 670 1117 971 1122 968 1127 392 1132 394 1137 190 1142 192 1147 797 1152 722 1157 441 1162 571 1167 832 1172 851 1177 595 1182 28 1187 871 1192 98 1197 533 1202 155 1207 453 1212 372 1217 808 1222 234 1227 200 1232 421 1237 964 1242 549 1247 182 1252 474 1257 474 1262 639 1267 687 1272 169 1277 718 1282 949 1287 78 1292 290 1297 279 1302 483 1307 429 1312 508 1317 464 1322 346 1327 572 1332 691 1337 590 1342 471 1347 498 1352 828 1357 425 1362 482 1367 580 1372 413 1377 386 1382 635 1387 914 1392 942 1397 810 1402 238 1407 911 1412 504 1417 140 1422 628 1427 978 1432 676 1437 425 1442 609 1447 355 1452 400 1457 755 1462 336 1467 795 1472 696 1477 401 1482 806 1487 126 1492 73 1497 791 1502 496 1507 526 1512 61 1517 91 1522 846 1527 247 1532 317 1537 595 1542 660 1547 358 1552 105 1557 396 1562 666 1567 944 1572 456 1577 825 1582 645 1587 363 1592 443 1597 19 1602 599 1607 764 1612 477 1617 997 1622 298 1627 114 1632 546 1637 745 1642 657 1647 603 1652 831 1657 282 1662 30 1667 283 1672 244 1677 602 1682 632 1687 476 1692 638 1697 516 1702 423 1707 749 1712 656 1717 460 1722 975 1727 651 1732 663 1737 537 1742 387 1747 356 1752 272 1757 66 1762 63 1767 673 1772 544 1777 428 1782 76 1787 522 1792 798 1797 306 1802 306 1807 828 1812 346 1817 586 1822 150 1827 837 1832 777 1837 684 1842 780 1847 930 1852 366 1857 766 1862 577 1867 732 1872 229 1877 995 1882 105 1887 807 1892 468 1897 350 1902 142 1907 37 1912 715 1917 557 1922 775 1927 127 1932 926 1937 655 1942 241 1947 747 1952 971 1957 824 1962 470 1967 410 1972 293 1977 256 1982 371 1987 861 1992 122 1997 360 2002 618 2007 271 2012 636 2017 494 2022 930 2027 325 2032 59 2037 83 2042 796 2047 866 2052 910 2057 159 2062 782 2067 891 2072 552 2077 811 2082 718 2087 651 2092 939 2097 934 2102 413 2107 933 2112 477 2117 162 2122 541 2127 777 2132 195 2137 915 2142 170 2147 424 2152 555 2157 10 2162 506 2167 450 2172 257 2177 248 2182 842 2187 648 2192 949 2197 138 2202 322 2207 398 2212 244 2217 622 2222 160 2227 602 2232 225 2237 159 2242 861 2247 867 2252 434 2257 329 2262 50 2267 332 2272 307 2277 966 2282 948 2287 977 2292 113 2297 85 2302 689 2307 378 2312 951 2317 967 2322 434 2327 731 2332 82 2337 479 2342 136 2347 463 2352 54 2357 813 2362 293 2367 243 2372 569 2377 606 2382 822 2387 497 2392 612 2397 893 2402 567 2407 81 2412 560 2417 404 2422 873 2427 714 2432 305 2437 874 2442 570 2447 916 2452 512 2457 390 2462 966 2467 391 2472 240 2477 718 2482 573 2487 912 2492 826 2497 839
1 2 4 5 7 8 10 11 12 13 14 15 16 17 18 20 21 22 23 24 25 26 28 29 30 31 32 33 34 35 36 37 38 39 40 41 42 44 45 46 47 48 49 50 51 52 53 55 56 57 58 59 60 61 62 63 64 65 66 67 69 70 71 72 73 74 75 76 77 78 79 80 81 82 83 85 86 87 88 89 90 92 93 94 95 96 97 98 99 100 101 102 103 104 106 107 108 109 110 111 112 113 114 115 116 117 118 119 120 121 122 123 124 126 127 128 129 130 131 132 133 134 135 136 137 138 139 140 141 142 143 144 145 146 147 148 149 150 151 152 153 155 156 157 158 159 160 161 163 164 165 166 167 168 169 170 171 172 173 174 175 176 177 178 179 180 181 182 183 184 185 186 188 189 190 191 192 193 194 195 196 197 198 199 200 201 203 204 205 206 207 208 209 210 211 212 214 215 216 217 218 219 220 221 222 223 224 225 227 228 229 230 231 232 233 234 235 236 237 238 239 240 241 243 244 245 246 247 248 250 251 252 253 254 255 256 257 258 259 260 261 262 263 264 266 267 269 270 271 272 273 274 275 276 277 278 280 281 282 283 284 285 286 287 288 289 290 291 292 293 294 295 296 297 298 299 300 301 302 303 304 305 306 307 308 309 310 311 312 313 315 316 317 318 319 320 321 322 323 324 325 326 327 328 329 330 331 332 333 334 335 336 337 338 339 340 341 342 343 344 345 346 347 348 349 350 351 352 353 354 355 356 357 358 359 360 361 362 363 364 365 366 367 368 369 370 371 372 373 374 375 376 377 378 379 380 381 382 383 384 385 386 387 388 389 390 392 393 394 395 396 397 399 400 401 402 403 404 405 406 407 408 409 410 411 412 413 414 415 416 417 418 419 420 421 422 423 425 426 427 428 429 430 431 432 433 434 435 437 438 439 440 441 442 443 444 445 446 447 448 449 450 451 452 453 454 455 456 457 459 461 462 463 464 465 466 467 468 469 470 471 472 473 474 475 476 477 478 479 480 481 482 483 484 486 487 488 489 490 491 492 493 494 495 496 497 498 499 500
500 491 87 37
9 97 14 342 19 868 24 680 29 716 34 931 39 253 44 858 49 233 54 970 59 418 64 741 69 147 74 179 79 457 84 781 89 981 94 734 99 26 104 392 109 291 114 351 119 732 124 211 129 458 134 290 139 882 144 196 149 340 154 379 159 454 164 531 169 293 174 440 179 683 184 115 189 22 194 1 199 96 204 152 209 805 214 455 219 239 224 841 229 548 234 10 239 825 244 41 249 888 254 110 259 927 264 935 269 223 274 477 279 586 284 370 289 627 294 501 299 654 304 807 309 14 314 772 319 710 324 528 329 732 334 146 339 115 344 755 349 416 354 293 359 717 364 725 369 577 374 758 379 181 384 71 389 6 394 309 399 124 404 513 409 920 414 600 419 163 424 509 429 473 434 887 439 447 444 547 449 294 454 720 459 923 464 96 469 994 474 576 479 355 484 85 489 250 494 223 499 251 504 669 509 870 514 794 519 471 524 687 529 656 534 10 539 907 544 284 549 737 554 244 559 104 564 740 569 91 574 552 579 443 584 301 589 291 594 36 599 88 604 279 609 6 614 312 619 188 624 136 629 276 634 52 639 100 644 597 649 420 654 683 659 173 664 914 669 441 674 975 679 919 684 161 689 257 694 531 699 867 704 986 709 609 714 209 719 886 724 224 729 147 734 678 739 179 744 607 749 572 754 7 759 694 764 952 769 158 774 910 779 923 784 768 789 182 794 386 799 132 804 689 809 854 814 522 819 614 824 504 829 665 834 995 839 883 844 715 849 43 854 966 859 813 864 36 869 973 874 847 879 371 884 931 889 137 894 808 899 1000 904 830 909 53 914 844 919 74 924 974 929 31 934 316 939 640 944 63 949 597 954 788 959 527 964 329 969 987 974 322 979 197 984 208 989 886 994 788 999 743 1004 339 1009 786 1014 854 1019 222 1024 45 1029 905 1034 195 1039 928 1044 399 1049 873 1054 716 1059 639 1064 821 1069 116 1074 848 1079 567 1084 583 1089 662 1094 103 1099 352 1104 963 1109 748 1114 195 1119 36 1124 899 1129 299 1134 630 1139 47 1144 76 1149 87 1154 211 1159 800 1164 265 1169 337 1174 764 1179 911 1184 759 1189 496 1194 516 1199 791 1204 902 1209 318 1214 94 1219 630 1224 493 1229 929 1234 832 1239 517 1244 554 1249 903 1254 859 1259 769 1264 898 1269 661 1274 514 1279 995 1284 925 1289 555 1294 835 1299 709 1304 110 1309 763 1314 11 1319 884 1324 151 1329 308 1334 597 1339 548 1344 625 1349 913 1354 198 1359 440 1364 87 1369 93 1374 630 1379 263 1384 22 1389 750 1394 589 1399 537 1404 402 1409 838 1414 920 1419 293 1424 439 1429 488 1434 86 1439 81 1444 177 1449 922 1454 230 1459 466 1464 752 1469 317 1474 171 1479 161 1484 514 1489 48 1494 514 1499 819 1504 250 1509 166 1514 50 1519 899 1524 57 1529 109 1534 432 1539 315 1544 507 1549 978 1554 797 1559 613 1564 314 1569 455 1574 945 1579 533 1584 752 1589 703 1594 463 1599 589 1604 115 1609 921 1614 201 1619 821 1624 131 1629 848 1634 27 1639 240 1644 655 1649 551 1654 825 1659 323 1664 880 1669 59 1674 807 1679 273 1684 453 1689 624 1694 377 1699 810 1704 109 1709 20 1714 968 1719 876 1724 695 1729 824 1734 209 1739 703 1744 551 1749 797 1754 216 1759 642 1764 74 1769 148 1774 782 1779 919 1784 861 1789 188 1794 1 1799 494 1804 284 1809 265 1814 529 1819 551 1824 115 1829 438 1834 365 1839 183 1844 211 1849 242 1854 872 1859 839 1864 776 1869 56 1874 135 1879 175 1884 780 1889 467 1894 172 1899 276 1904 681 1909 11 1914 933 1919 776 1924 806 1929 215 1934 682 1939 5 1944 276 1949 206 1954 137 1959 507 1964 996 1969 17 1974 993 1979 436 1984 374 1989 840 1994 3 1999 503 2004 207 2009 66 2014 763 2019 6 2024 378 2029 794 2034 148 2039 731 2044 353 2049 748 2054 258 2059 845 2064 222 2069 410 2074 544 2079 467 2084 805 2089 909 2094 749 2099 777 2104 958 2109 383 2114 249 2119 926 2124 227 2129 447 2134 499 2139 613 2144 83 2149 276 2154 472 2159 547 2164 803 2169 587 2174 967 2179 308 2184 483 2189 344 2194 700 2199 886 2204 129 2209 917 2214 36 2219 623 2224 20 2229 846 2234 157 2239 73 2244 949 2249 707 2254 689 2259 626 2264 324 2269 940 2274 228 2279 816 2284 350 2289 465 2294 636 2299 405 2304 74 2309 989 2314 979 2319 625 2324 356 2329 540 2334 733 2339 650 2344 640 2349 122 2354 832 2359 297 2364 430 2369 184 2374 255 2379 967 2384 882 2389 782 2394 804 2399 727 2404 218 2409 865 2414 883 2419 609 2424 221 2429 989 2434 304 2439 971 2444 715 2449 830 2454 335 2459 140 2464 141 2469 194 2474 203 2479 6 2484 90 2489 539 2494 70 2499 226 2504 703
1 2 3 4 5 6 7 8 9 10 11 12 13 14 15 16 17 18 19 20 21 22 23 24 25 26 27 28 29 30 31 32 33 34 35 36 37 38 39 40 41 42 43 44 45 46 47 48 49 50 51 52 53 54 55 56 57 58 59 60 61 62 63 64 65 66 67 68 69 71 72 73 74 75 76 77 78 79 80 81 82 83 84 85 86 87 88 89 90 91 92 93 94 95 96 97 98 99 100 101 102 103 104 105 106 107 108 109 110 111 112 113 114 115 116 117 118 119 120 121 122 123 124 125 126 127 128 129 130 131 132 133 134 135 136 137 138 139 140 141 142 143 144 145 146 147 148 149 150 151 152 153 154 155 156 157 158 159 160 161 162 163 164 165 166 167 168 169 170 171 172 173 175 176 177 178 179 180 181 182 183 184 185 186 187 188 189 190 191 192 193 194 195 196 197 198 199 200 201 202 203 204 205 206 207 208 209 210 211 212 213 214 215 216 217 218 219 220 221 222 223 224 225 226 227 228 229 230 231 232 233 234 235 236 237 238 239 240 241 242 243 244 245 246 247 248 249 250 251 252 253 254 255 256 257 258 259 260 261 262 263 264 265 266 267 268 269 270 271 272 273 274 275 276 277 278 279 280 281 282 283 284 285 286 287 288 289 290 291 292 293 294 295 296 297 298 299 300 301 302 303 304 305 306 307 308 309 310 311 312 313 314 315 316 317 318 319 320 321 322 323 324 325 326 327 328 329 330 331 332 333 334 335 336 337 338 339 340 341 342 343 344 345 346 347 348 349 350 351 352 353 354 355 356 357 358 359 360 361 362 363 364 365 366 367 368 369 370 371 372 373 374 375 376 377 378 379 380 381 382 383 384 385 386 387 388 389 390 391 392 393 394 395 396 397 398 399 400 401 403 404 405 406 407 408 409 410 411 412 413 414 415 416 417 418 419 420 421 422 423 424 425 426 427 428 429 430 431 432 434 435 436 437 438 439 440 441 442 443 445 446 447 448 449 450 451 452 453 454 455 456 457 459 460 461 462 463 464 465 466 468 469 470 471 472 473 474 475 478 479 480 481 482 483 484 485 486 487 488 489 490 491 492 493 494 495 496 497 498 499 500
500 487 7751 46
2 798 7 170 12 457 17 481 22 738 27 485 32 855 37 784 42 10 47 487 52 214 57 633 62 684 67 39 72 470 77 736 82 680 87 338 92 655 97 442 102 899 107 484 112 218 117 205 122 364 127 986 132 339 137 457 142 97 147 698 152 262 157 277 162 401 167 912 172 176 177 16 182 551 187 454 192 137 197 410 202 500 207 182 212 119 217 573 222 126 227 838 232 751 237 889 242 666 247 316 252 622 257 183 262 442 267 469 272 944 277 973 282 763 287 716 292 271 297 287 302 374 307 912 312 619 317 386 322 323 327 988 332 671 337 830 342 105 347 195 352 10 357 849 362 363 367 606 372 96 377 705 382 610 387 815 392 441 397 973 402 291 407 599 412 287 417 210 422 770 427 177 432 887 437 922 442 336 447 688 452 198 457 743 462 713 467 663 472 447 477 857 482 523 487 639 492 656 497 387 502 301 507 912 512 958 517 499 522 211 527 592 532 191 537 381 542 708 547 341 552 740 557 120 562 731 567 241 572 831 577 854 582 531 587 268 592 517 597 856 602 560 607 422 612 493 617 648 622 963 627 650 632 706 637 957 642 329 647 813 652 724 657 576 662 819 667 750 672 121 677 742 682 764 687 708 692 445 697 299 702 896 707 456 712 738 717 559 722 77 727 339 732 497 737 362 742 910 747 257 752 530 757 283 762 917 767 334 772 935 777 848 782 913 787 116 792 260 797 71 802 706 807 134 812 75 817 277 822 751 827 534 832 373 837 536 842 506 847 11 852 281 857 936 862 418 867 490 872 78 877 624 882 753 887 615 892 893 897 492 902 444 907 265 912 356 917 957 922 332 927 888 932 939 937 491 942 6 947 618 952 595 957 450 962 327 967 396 972 364 977 544 982 932 987 221 992 989 997 104 1002 494 1007 941 1012 962 1017 806 1022 392 1027 212 1032 227 1037 961 1042 13 1047 897 1052 520 1057 305 1062 185 1067 590 1072 584 1077 195 1082 370 1087 121 1092 31 1097 418 1102 730 1107 933 1112 437 1117 472 1122 620 1127 114 1132 264 1137 591 1142 908 1147 748 1152 479 1157 65 1162 634 1167 563 1172 705 1177 450 1182 123 1187 459 1192 949 1197 113 1202 77 1207 434 1212 214 1217 886 1222 69 1227 964 1232 258 1237 571 1242 506 1247 250 1252 735 1257 246 1262 648 1267 481 1272 230 1277 557 1282 517 1287 15 1292 97 1297 975 1302 547 1307 669 1312 502 1317 276 1322 85 1327 335 1332 453 1337 580 1342 521 1347 426 1352 935 1357 791 1362 845 1367 16 1372 376 1377 560 1382 531 1387 749 1392 232 1397 231 1402 763 1407 801 1412 135 1417 478 1422 709 1427 453 1432 145 1437 571 1442 276 1447 184 1452 918 1457 227 1462 713 1467 605 1472 976 1477 692 1482 532 1487 641 1492 350 1497 251 1502 696 1507 46 1512 183 1517 289 1522 369 1527 530 1532 141 1537 286 1542 668 1547 483 1552 730 1557 93 1562 129 1567 67 1572 441 1577 759 1582 958 1587 684 1592 472 1597 815 1602 385 1607 886 1612 977 1617 665 1622 822 1627 528 1632 337 1637 759 1642 824 1647 503 1652 712 1657 854 1662 347 1667 162 1672 769 1677 838 1682 964 1687 660 1692 835 1697 630 1702 835 1707 241 1712 981 1717 735 1722 490 1727 370 1732 562 1737 647 1742 505 1747 416 1752 565 1757 617 1762 398 1767 112 1772 810 1777 280 1782 136 1787 555 1792 775 1797 540 1802 274 1807 352 1812 522 1817 486 1822 277 1827 969 1832 14 1837 662 1842 127 1847 97 1852 28 1857 974 1862 678 1867 989 1872 488 1877 406 1882 237 1887 952 1892 997 1897 7 1902 67 1907 600 1912 609 1917 467 1922 796 1927 570 1932 362 1937 667 1942 284 1947 352 1952 97 1957 955 1962 973 1967 180 1972 611 1977 351 1982 426 1987 963 1992 46 1997 805 2002 841 2007 571 2012 791 2017 929 2022 479 2027 891 2032 44 2037 944 2042 344 2047 793 2052 134 2057 944 2062 236 2067 878 2072 645 2077 433 2082 694 2087 323 2092 492 2097 683 2102 934 2107 722 2112 673 2117 46 2122 928 2127 252 2132 569 2137 260 2142 800 2147 624 2152 907 2157 480 2162 919 2167 521 2172 743 2177 90 2182 841 2187 693 2192 276 2197 44 2202 344 2207 227 2212 798 2217 933 2222 188 2227 339 2232 774 2237 842 2242 881 2247 104 2252 2 2257 176 2262 798 2267 952 2272 581 2277 913 2282 809 2287 141 2292 690 2297 141 2302 379 2307 438 2312 71 2317 437 2322 991 2327 685 2332 96 2337 55 2342 867 2347 129 2352 832 2357 234 2362 71 2367 234 2372 376 2377 244 2382 64 2387 235 2392 250 2397 438 2402 176 2407 576 2412 973 2417 396 2422 780 2427 596 2432 134 2437 359 2442 199 2447 742 2452 615 2457 630 2462 749 2467 41 2472 986 2477 306 2482 557 2487 582 2492 784 2497 368
1 2 3 4 5 6 7 8 9 10 11 12 13 14 15 16 17 18 19 20 21 22 23 24 25 26 27 28 29 30 31 32 33 34 35 36 37 38 39 40 42 43 44 45 46 47 48 49 50 51 52 53 54 55 56 57 58 59 60 61 62 63 64 65 66 67 68 69 70 71 72 73 74 75 76 77 78 79 80 81 82 83 84 85 86 87 88 89 90 91 92 93 94 95 96 97 98 99 100 101 102 103 104 105 106 107 108 109 110 111 112 113 114 115 116 117 118 119 120 121 122 123 124 125 127 128 129 130 131 132 133 134 135 136 137 138 139 140 141 142 143 144 145 146 148 149 150 151 152 153 154 155 156 157 158 159 160 161 162 163 164 165 166 167 168 169 170 171 172 173 174 175 176 177 178 179 180 181 182 183 184 185 186 187 188 189 190 191 192 193 195 196 197 198 199 200 202 203 204 205 206 207 208 209 210 211 212 213 214 215 217 218 219 220 221 222 223 224 225 226 227 228 229 230 231 232 233 234 235 236 237 238 239 240 241 242 243 244 245 246 247 248 249 250 251 252 253 254 255 256 257 259 260 261 262 263 264 265 266 267 268 269 270 271 272 273 274 275 276 277 278 280 281 282 283 284 285 286 287 288 289 290 291 292 293 294 295 296 297 298 299 300 301 302 303 304 305 306 307 308 309 310 311 312 313 314 315 316 317 318 319 320 321 322 323 324 325 326 327 328 329 330 331 332 333 334 335 336 337 338 339 340 341 342 343 344 345 346 347 348 349 350 351 352 353 354 355 356 358 359 360 361 362 363 364 365 366 368 369 370 371 372 373 375 376 377 378 379 380 381 382 383 384 385 386 387 388 389 390 391 392 394 395 396 397 398 399 400 401 402 403 404 405 406 407 408 409 410 411 412 413 414 415 416 417 418 419 420 421 422 423 424 425 427 428 429 430 431 432 433 434 435 436 437 438 439 440 441 442 443 444 445 446 447 448 449 450 451 452 453 454 455 456 457 458 459 460 461 462 463 464 465 466 467 468 469 470 471 472 473 474 475 476 477 478 479 480 481 482 483 484 485 486 487 488 489 490 491 492 493 494 495 496 497 498 499 500
500 487 2546 99
1 227 6 217 11 17 16 433 21 221 26 616 31 389 36 165 41 205 46 988 51 139 56 113 61 549 66 561 71 130 76 339 81 874 86 30 91 100 96 911 101 755 106 944 111 240 116 3 121 431 126 247 131 96 136 390 141 338 146 307 151 243 156 802 161 362 166 51 171 57 176 234 181 172 186 470 191 39 196 987 201 366 206 232 211 880 216 936 221 792 226 387 231 123 236 379 241 997 246 142 251 856 256 400 261 576 266 243 271 618 276 171 281 26 286 768 291 891 296 636 301 838 306 346 311 479 316 456 321 860 326 230 331 320 336 462 341 896 346 908 351 661 356 955 361 14 366 699 371 879 376 362 381 255 386 39 391 306 396 975 401 233 406 471 411 138 416 70 421 6 426 604 431 614 436 489 441 43 446 101 451 608 456 619 461 495 466 945 471 45 476 424 481 922 486 560 491 545 496 182 501 531 506 744 511 952 516 593 521 733 526 439 531 772 536 511 541 698 546 119 551 824 556 288 561 725 566 136 571 18 576 838 581 144 586 955 591 160 596 217 601 795 606 661 611 927 616 683 621 885 626 771 631 594 636 380 641 451 646 58 651 880 656 445 661 91 666 579 671 464 676 956 681 888 686 176 691 563 696 914 701 396 706 801 711 860 716 618 721 383 726 981 731 414 736 550 741 861 746 409 751 408 756 674 761 5 766 938 771 302 776 71 781 667 786 312 791 209 796 774 801 847 806 599 811 862 816 913 821 558 826 801 831 619 836 491 841 57 846 415 851 534 856 555 861 457 866 324 871 647 876 7 881 587 886 499 891 469 896 935 901 986 906 381 911 894 916 554 921 17 926 876 931 722 936 4 941 170 946 793 951 315 956 783 961 107 966 54 971 360 976 736 981 48 986 876 991 693 996 35 1001 3 1006 769 1011 287 1016 424 1021 716 1026 160 1031 794 1036 689 1041 606 1046 797 1051 818 1056 483 1061 283 1066 93 1071 31 1076 240 1081 872 1086 238 1091 318 1096 331 1101 358 1106 414 1111 835 1116 831 1121 950 1126 251 1131 195 1136 753 1141 929 1146 253 1151 256 1156 146 1161 770 1166 127 1171 52 1176 115 1181 931 1186 173 1191 104 1196 774 1201 955 1206 516 1211 807 1216 122 1221 509 1226 255 1231 546 1236 82 1241 978 1246 998 1251 578 1256 749 1261 569 1266 358 1271 516 1276 898 1281 959 1286 787 1291 479 1296 311 1301 365 1306 137 1311 539 1316 182 1321 12 1326 281 1331 284 1336 989 1341 856 1346 454 1351 273 1356 404 1361 928 1366 878 1371 76 1376 997 1381 81 1386 158 1391 857 1396 398 1401 963 1406 654 1411 765 1416 399 1421 269 1426 860 1431 643 1436 218 1441 853 1446 142 1451 151 1456 835 1461 622 1466 674 1471 439 1476 12 1481 884 1486 911 1491 589 1496 296 1501 73 1506 204 1511 597 1516 521 1521 565 1526 449 1531 752 1536 459 1541 139 1546 761 1551 354 1556 160 1561 743 1566 468 1571 448 1576 805 1581 575 1586 626 1591 666 1596 789 1601 952 1606 671 1611 39 1616 802 1621 501 1626 82 1631 265 1636 861 1641 546 1646 998 1651 889 1656 995 1661 266 1666 230 1671 506 1676 771 1681 767 1686 494 1691 441 1696 464 1701 762 1706 546 1711 811 1716 199 1721 686 1726 314 1731 223 1736 127 1741 605 1746 641 1751 47 1756 920 1761 660 1766 231 1771 633 1776 838 1781 322 1786 2 1791 123 1796 493 1801 622 1806 972 1811 400 1816 9 1821 462 1826 535 1831 942 1836 635 1841 753 1846 260 1851 569 1856 970 1861 148 1866 530 1871 396 1876 631 1881 108 1886 662 1891 116 1896 31 1901 238 1906 485 1911 543 1916 552 1921 196 1926 710 1931 184 1936 79 1941 105 1946 60 1951 285 1956 533 1961 856 1966 855 1971 306 1976 1 1981 439 1986 600 1991 260 1996 287 2001 413 2006 991 2011 752 2016 112 2021 245 2026 36 2031 780 2036 494 2041 31 2046 548 2051 952 2056 688 2061 823 2066 982 2071 706 2076 897 2081 144 2086 85 2091 59 2096 414 2101 278 2106 903 2111 617 2116 872 2121 310 2126 767 2131 680 2136 965 2141 185 2146 934 2151 420 2156 832 2161 679 2166 638 2171 979 2176 41 2181 807 2186 731 2191 924 2196 904 2201 80 2206 360 2211 515 2216 239 2221 475 2226 990 2231 935 2236 966 2241 235 2246 779 2251 860 2256 913 2261 526 2266 410 2271 26 2276 426 2281 275 2286 719 2291 774 2296 207 2301 422 2306 622 2311 593 2316 619 2321 152 2326 536 2331 964 2336 342 2341 206 2346 361 2351 309 2356 433 2361 328 2366 570 2371 244 2376 669 2381 710 2386 585 2391 681 2396 715 2401 47 2406 949 2411 224 2416 535 2421 857 2426 643 2431 518 2436 11 2441 186 2446 12 2451 682 2456 27 2461 533 2466 902 2471 44 2476 698 2481 544 2486 29 2491 249 2496 213
1 2 3 4 5 6 7 8 9 10 11 12 13 14 15 16 17 18 19 20 21 22 23 24 25 26 27 28 29 30 31 32 33 35 36 37 38 39 40 41 42 43 44 45 46 47 48 49 50 51 52 53 54 55 56 57 58 59 60 61 63 64 65 66 67 68 69 70 71 73 74 75 76 77 78 79 80 81 82 83 84 85 86 87 88 89 90 91 92 93 94 95 96 97 98 99 100 101 102 103 104 105 106 107 108 109 110 111 112 113 114 115 116 118 119 120 121 122 123 124 125 126 127 128 129 130 131 132 133 134 135 136 137 138 139 140 141 142 143 144 145 146 147 148 149 150 151 152 153 154 155 156 157 158 159 160 161 162 163 164 165 166 167 168 169 170 171 172 173 174 175 176 177 178 179 180 181 182 183 184 185 186 187 188 189 190 191 192 193 194 195 196 197 198 199 200 201 202 203 204 205 206 207 208 209 210 211 212 213 214 215 216 217 218 219 220 221 222 223 224 225 226 228 229 230 231 232 233 234 235 236 237 238 239 241 242 243 244 245 246 247 248 249 250 251 252 253 254 255 256 257 258 259 260 261 262 263 264 265 266 267 268 269 270 271 272 273 274 275 276 277 278 279 280 281 282 283 284 285 286 287 288 289 290 291 292 293 294 295 296 297 298 299 300 301 302 303 304 305 306 308 309 310 311 312 313 314 315 316 317 318 319 320 321 322 323 324 325 327 328 329 330 331 332 333 334 335 336 337 338 339 340 341 342 343 344 345 346 347 348 349 350 351 352 353 354 355 356 357 358 359 360 361 362 363 364 365 366 367 368 369 370 371 372 373 374 375 376 377 378 379 380 381 382 383 384 385 386 387 388 389 390 392 393 394 395 397 398 399 400 401 402 403 404 405 406 407 408 409 410 411 412 413 414 415 416 417 418 419 420 421 422 423 424 425 426 427 428 429 430 431 432 433 434 435 436 437 438 439 440 441 442 443 444 445 446 447 448 449 450 451 452 453 454 455 456 457 459 460 461 462 463 464 465 466 467 468 469 470 471 472 473 474 475 477 478 479 480 481 482 483 484 485 486 487 488 489 490 491 492 494 495 496 497 498 499 500
500 464 4863574409 84
3 68 8 944 13 159 18 105 23 360 28 780 33 180 38 822 43 902 48 72 53 926 58 958 63 707 68 445 73 556 78 741 83 426 88 999 93 828 98 276 103 768 108 54 113 899 118 568 123 464 128 365 133 211 138 957 143 554 148 828 153 370 158 504 163 446 168 180 173 995 178 897 183 499 188 625 193 617 198 621 203 116 208 658 213 756 218 944 223 60 228 953 233 887 238 210 243 772 248 832 253 322 258 456 263 534 268 387 273 186 278 46 283 378 288 650 293 641 298 617 303 675 308 6 313 818 318 524 323 958 328 708 333 739 338 884 343 766 348 504 353 684 358 847 363 961 368 445 373 470 378 137 383 703 388 999 393 588 398 788 403 352 408 58 413 689 418 576 423 946 428 346 433 477 438 33 443 727 448 697 453 472 458 260 463 115 468 280 473 945 478 759 483 516 488 330 493 40 498 716 503 407 508 346 513 74 518 867 523 872 528 874 533 471 538 48 543 839 548 973 553 364 558 9 563 487 568 305 573 84 578 912 583 455 588 326 593 76 598 147 603 131 608 784 613 591 618 32 623 960 628 905 633 527 638 84 643 190 648 675 653 286 658 543 663 241 668 529 673 916 678 881 683 918 688 376 693 880 698 211 703 412 708 755 713 400 718 380 723 289 728 317 733 880 738 429 743 644 748 818 753 837 758 174 763 128 768 193 773 644 778 552 783 599 788 823 793 349 798 366 803 975 808 379 813 569 818 314 823 904 828 149 833 515 838 357 843 751 848 683 853 105 858 644 863 938 868 797 873 677 878 150 883 337 888 558 893 651 898 445 903 913 908 951 913 131 918 976 923 692 928 973 933 688 938 737 943 628 948 49 953 95 958 109 963 866 968 816 973 513 978 723 983 884 988 932 993 113 998 783 1003 235 1008 64 1013 224 1018 814 1023 72 1028 193 1033 856 1038 75 1043 227 1048 999 1053 238 1058 110 1063 561 1068 89 1073 802 1078 408 1083 162 1088 636 1093 430 1098 74 1103 571 1108 728 1113 799 1118 705 1123 407 1128 481 1133 288 1138 107 1143 177 1148 564 1153 214 1158 479 1163 582 1168 483 1173 112 1178 748 1183 47 1188 386 1193 266 1198 412 1203 705 1208 672 1213 656 1218 342 1223 426 1228 416 1233 4 1238 480 1243 537 1248 133 1253 652 1258 64 1263 593 1268 839 1273 245 1278 945 1283 36 1288 149 1293 99 1298 803 1303 12 1308 287 1313 550 1318 224 1323 501 1328 91 1333 598 1338 373 1343 252 1348 340 1353 164 1358 945 1363 942 1368 322 1373 44 1378 298 1383 75 1388 162 1393 96 1398 363 1403 608 1408 96 1413 873 1418 874 1423 711 1428 41 1433 797 1438 474 1443 281 1448 120 1453 529 1458 927 1463 535 1468 196 1473 266 1478 563 1483 259 1488 745 1493 506 1498 8 1503 686 1508 729 1513 326 1518 14 1523 969 1528 107 1533 720 1538 613 1543 463 1548 825 1553 954 1558 899 1563 173 1568 678 1573 894 1578 653 1583 865 1588 66 1593 756 1598 470 1603 639 1608 995 1613 274 1618 457 1623 515 1628 363 1633 452 1638 401 1643 488 1648 851 1653 372 1658 730 1663 751 1668 903 1673 876 1678 33 1683 258 1688 177 1693 668 1698 911 1703 593 1708 357 1713 569 1718 402 1723 851 1728 611 1733 875 1738 954 1743 420 1748 240 1753 754 1758 730 1763 482 1768 624 1773 884 1778 406 1783 909 1788 671 1793 195 1798 812 1803 918 1808 758 1813 915 1818 59 1823 755 1828 137 1833 750 1838 693 1843 767 1848 794 1853 951 1858 328 1863 598 1868 395 1873 310 1878 591 1883 353 1888 56 1893 239 1898 913 1903 778 1908 954 1913 405 1918 16 1923 656 1928 613 1933 843 1938 106 1943 36 1948 335 1953 206 1958 989 1963 182 1968 753 1973 949 1978 216 1983 843 1988 550 1993 932 1998 370 2003 536 2008 668 2013 912 2018 454 2023 632 2028 504 2033 802 2038 90 2043 14 2048 850 2053 992 2058 984 2063 167 2068 365 2073 568 2078 485 2083 635 2088 10 2093 842 2098 185 2103 913 2108 299 2113 955 2118 434 2123 703 2128 151 2133 966 2138 274 2143 776 2148 655 2153 719 2158 210 2163 579 2168 858 2173 578 2178 316 2183 478 2188 238 2193 1000 2198 944 2203 512 2208 171 2213 136 2218 444 2223 487 2228 760 2233 861 2238 919 2243 32 2248 720 2253 318 2258 297 2263 656 2268 468 2273 143 2278 577 2283 772 2288 553 2293 357 2298 774 2303 21 2308 89 2313 817 2318 220 2323 820 2328 942 2333 494 2338 525 2343 133 2348 329 2353 819 2358 694 2363 468 2368 267 2373 298 2378 227 2383 608 2388 688 2393 662 2398 794 2403 955 2408 37 2413 878 2418 41 2423 156 2428 935 2433 419 2438 997 2443 383 2448 887 2453 380 2458 360 2463 916 2468 943 2473 690 2478 84 2483 817 2488 739 2493 82 2498 992
1 3 4 5 6 7 8 9 10 11 12 13 14 15 16 17 18 19 20 21 22 23 24 26 27 28 29 30 31 32 33 34 35 36 37 38 39 40 41 42 43 44 46 47 48 49 50 52 53 56 57 58 59 60 61 62 63 64 65 66 67 68 69 70 71 72 73 74 75 76 77 78 79 80 81 82 83 84 85 86 87 88 89 90 91 92 94 96 97 98 99 101 102 103 104 105 106 107 109 110 111 112 113 114 115 117 118 119 120 121 122 123 124 125 126 127 128 130 131 132 133 135 136 137 138 139 140 141 142 143 144 145 146 147 148 149 150 151 152 153 154 155 156 158 159 160 161 162 163 164 166 167 168 169 170 171 172 173 174 175 176 177 178 179 180 181 182 184 185 186 187 188 189 190 191 192 193 194 195 196 197 198 199 200 201 202 203 204 205 206 207 208 210 211 212 213 214 215 216 217 218 219 220 221 222 223 224 225 226 227 228 229 230 231 232 233 235 236 237 238 239 240 241 242 243 244 246 247 248 249 250 251 252 253 254 255 256 257 258 259 260 261 262 263 264 265 266 267 268 269 270 271 272 273 274 275 277 278 279 280 281 282 283 284 285 286 288 289 290 291 292 293 296 297 298 299 300 301 302 303 304 305 306 307 308 309 310 311 312 313 314 315 316 317 318 319 320 321 322 323 324 325 326 327 328 329 331 332 333 334 335 336 337 338 339 340 341 342 343 345 346 347 348 349 350 351 352 353 354 355 356 357 358 359 360 361 362 363 364 365 366 367 368 369 370 371 373 374 375 376 377 378 379 380 381 382 383 384 385 386 387 390 391 392 393 394 395 396 397 398 399 400 401 402 403 404 405 406 407 408 409 410 411 412 414 415 416 417 418 419 420 421 422 423 424 425 426 427 428 429 431 432 433 434 435 436 437 438 439 440 441 442 443 444 445 446 447 448 449 451 452 453 454 455 456 457 458 459 460 461 462 463 465 466 467 468 469 470 471 472 473 474 475 476 477 478 479 480 481 484 485 487 488 489 490 491 492 493 494 495 496 497 498 500
500 460 1090787472284 73
3 245 8 691 13 708 18 767 23 454 28 221 33 586 38 840 43 944 48 923 53 275 58 391 63 31 68 489 73 481 78 346 83 506 88 448 93 777 98 459 103 45 108 829 113 195 118 658 123 405 128 74 133 982 138 782 143 209 148 398 153 75 158 619 163 846 168 133 173 636 178 778 183 719 188 7 193 539 198 18 203 722 208 597 213 845 218 423 223 210 228 35 233 331 238 987 243 284 248 57 253 396 258 284 263 523 268 212 273 795 278 904 283 505 288 536 293 468 298 412 303 501 308 452 313 35 318 511 323 401 328 805 333 172 338 113 343 260 348 51 353 64 358 390 363 487 368 288 373 369 378 920 383 843 388 846 393 645 398 435 403 316 408 123 413 305 418 869 423 547 428 83 433 884 438 817 443 465 448 96 453 40 458 51 463 811 468 874 473 409 478 413 483 83 488 716 493 752 498 617 503 830 508 452 513 739 518 91 523 27 528 759 533 417 538 587 543 618 548 809 553 792 558 459 563 664 568 154 573 903 578 171 583 57 588 924 593 500 598 579 603 145 608 251 613 497 618 184 623 71 628 646 633 281 638 230 643 289 648 175 653 221 658 653 663 222 668 271 673 198 678 718 683 861 688 33 693 695 698 328 703 293 708 543 713 734 718 807 723 357 728 279 733 656 738 730 743 495 748 773 753 34 758 827 763 407 768 629 773 316 778 735 783 373 788 132 793 73 798 85 803 624 808 186 813 148 818 362 823 535 828 317 833 862 838 175 843 757 848 752 853 943 858 804 863 840 868 806 873 973 878 188 883 285 888 626 893 225 898 421 903 613 908 478 913 443 918 462 923 69 928 926 933 859 938 874 943 777 948 117 953 982 958 831 963 858 968 954 973 302 978 878 983 444 988 782 993 579 998 382 1003 134 1008 749 1013 791 1018 692 1023 833 1028 515 1033 161 1038 599 1043 711 1048 585 1053 309 1058 771 1063 667 1068 996 1073 19 1078 774 1083 789 1088 778 1093 564 1098 780 1103 977 1108 605 1113 372 1118 358 1123 601 1128 558 1133 848 1138 798 1143 852 1148 709 1153 175 1158 29 1163 546 1168 371 1173 414 1178 367 1183 244 1188 646 1193 624 1198 799 1203 273 1208 631 1213 333 1218 694 1223 527 1228 907 1233 764 1238 183 1243 808 1248 719 1253 495 1258 960 1263 685 1268 105 1273 135 1278 691 1283 220 1288 810 1293 428 1298 141 1303 606 1308 140 1313 355 1318 929 1323 683 1328 701 1333 729 1338 858 1343 460 1348 58 1353 481 1358 154 1363 156 1368 399 1373 416 1378 243 1383 31 1388 872 1393 227 1398 416 1403 19 1408 506 1413 580 1418 44 1423 858 1428 120 1433 416 1438 480 1443 230 1448 559 1453 969 1458 619 1463 183 1468 167 1473 886 1478 488 1483 860 1488 120 1493 506 1498 355 1503 605 1508 615 1513 526 1518 40 1523 619 1528 532 1533 695 1538 533 1543 238 1548 72 1553 452 1558 943 1563 416 1568 975 1573 179 1578 827 1583 583 1588 732 1593 78 1598 325 1603 875 1608 127 1613 629 1618 810 1623 982 1628 384 1633 389 1638 823 1643 515 1648 462 1653 496 1658 264 1663 886 1668 517 1673 9 1678 358 1683 768 1688 905 1693 343 1698 913 1703 747 1708 899 1713 281 1718 286 1723 821 1728 348 1733 547 1738 932 1743 716 1748 612 1753 872 1758 585 1763 190 1768 805 1773 198 1778 451 1783 199 1788 489 1793 771 1798 903 1803 59 1808 905 1813 687 1818 923 1823 844 1828 142 1833 349 1838 469 1843 14 1848 812 1853 282 1858 930 1863 407 1868 272 1873 652 1878 417 1883 218 1888 53 1893 66 1898 313 1903 101 1908 188 1913 501 1918 246 1923 767 1928 860 1933 832 1938 487 1943 299 1948 949 1953 982 1958 908 1963 375 1968 23 1973 730 1978 830 1983 521 1988 235 1993 747 1998 217 2003 331 2008 781 2013 239 2018 861 2023 910 2028 436 2033 461 2038 793 2043 500 2048 175 2053 33 2058 470 2063 757 2068 986 2073 827 2078 418 2083 686 2088 851 2093 101 2098 378 2103 699 2108 654 2113 888 2118 664 2123 126 2128 808 2133 324 2138 669 2143 961 2148 815 2153 171 2158 519 2163 658 2168 482 2173 283 2178 413 2183 120 2188 898 2193 576 2198 319 2203 591 2208 997 2213 942 2218 556 2223 652 2228 680 2233 890 2238 401 2243 329 2248 17 2253 899 2258 33 2263 203 2268 407 2273 286 2278 448 2283 600 2288 893 2293 553 2298 959 2303 229 2308 55 2313 225 2318 63 2323 189 2328 906 2333 610 2338 619 2343 887 2348 861 2353 960 2358 734 2363 361 2368 278 2373 374 2378 195 2383 354 2388 877 2393 99 2398 389 2403 598 2408 261 2413 730 2418 427 2423 62 2428 968 2433 133 2438 602 2443 11 2448 791 2453 622 2458 282 2463 303 2468 229 2473 329 2478 337 2483 675 2488 585 2493 305 2498 868
1 2 3 4 6 7 8 9 10 11 12 13 14 16 17 18 19 22 23 24 25 26 27 28 29 30 31 32 33 34 35 36 37 38 39 40 41 42 43 44 45 46 47 48 49 50 51 52 53 54 55 56 57 58 59 60 61 62 63 65 66 67 68 69 70 71 72 73 74 75 76 77 78 79 80 81 82 83 84 85 86 87 88 89 90 91 92 93 94 95 96 98 99 100 101 102 103 104 105 106 107 108 109 110 111 112 113 114 115 116 117 118 119 120 121 123 124 125 126 127 128 129 131 132 133 134 135 137 138 139 140 141 142 143 144 146 147 148 149 150 151 152 153 154 155 156 157 158 159 160 161 162 163 165 166 167 168 169 170 171 172 173 174 175 176 177 178 179 180 181 182 183 185 186 187 188 189 190 191 192 193 194 196 197 198 199 200 201 202 203 204 205 206 207 208 209 210 211 212 213 214 215 216 217 218 219 220 221 222 224 225 226 228 229 230 231 232 233 234 235 236 237 238 239 240 241 242 243 244 245 246 248 249 250 251 252 253 254 255 256 257 258 259 260 261 262 263 264 266 267 268 269 270 271 272 273 274 275 276 277 278 279 280 281 282 283 284 285 286 287 289 290 291 292 293 294 295 296 297 298 299 300 301 303 304 305 306 307 308 309 310 312 313 314 315 316 317 318 319 320 321 322 323 324 325 326 330 331 332 333 334 335 336 337 338 339 340 341 342 343 344 345 346 347 348 351 352 353 354 355 356 357 358 359 360 361 362 363 364 365 366 367 368 369 370 371 372 373 374 375 377 379 380 381 382 383 385 386 387 388 389 390 391 392 394 395 396 398 399 400 401 402 403 404 405 406 407 408 409 410 411 412 413 415 416 417 418 420 421 423 424 425 426 427 428 429 430 431 432 433 434 435 437 438 439 440 441 442 443 444 445 446 447 448 450 452 453 454 455 456 457 458 459 461 462 464 465 466 467 468 469 471 472 473 474 475 476 477 478 479 480 481 482 483 484 485 486 487 488 489 490 491 492 493 494 495 497 498 499 500
500 473 93907238 49
2 53 7 563 12 202 17 677 22 688 27 779 32 72 37 739 42 536 47 183 52 712 57 771 62 164 67 934 72 225 77 148 82 953 87 975 92 148 97 815 102 238 107 668 112 808 117 306 122 535 127 774 132 781 137 54 142 354 147 50 152 540 157 150 162 144 167 914 172 573 177 837 182 72 187 125 192 180 197 166 202 179 207 90 212 79 217 717 222 702 227 607 232 129 237 481 242 18 247 355 252 773 257 541 262 186 267 69 272 378 277 511 282 20 287 838 292 108 297 716 302 338 307 647 312 19 317 561 322 480 327 233 332 466 337 114 342 551 347 379 352 414 357 542 362 904 367 701 372 290 377 765 382 884 387 397 392 496 397 360 402 496 407 860 412 166 417 916 422 302 427 457 432 483 437 433 442 932 447 54 452 880 457 611 462 343 467 732 472 995 477 190 482 401 487 216 492 363 497 764 502 480 507 557 512 657 517 365 522 182 527 254 532 542 537 421 542 354 547 972 552 742 557 791 562 542 567 861 572 309 577 140 582 476 587 416 592 755 597 486 602 93 607 688 612 121 617 788 622 392 627 201 632 711 637 409 642 522 647 530 652 390 657 817 662 583 667 438 672 649 677 4 682 867 687 206 692 907 697 164 702 863 707 20 712 706 717 604 722 780 727 698 732 994 737 361 742 437 747 14 752 382 757 528 762 423 767 368 772 409 777 195 782 232 787 10 792 147 797 591 802 857 807 291 812 818 817 923 822 34 827 795 832 87 837 283 842 480 847 760 852 791 857 894 862 645 867 816 872 482 877 318 882 73 887 621 892 586 897 909 902 730 907 246 912 342 917 389 922 508 927 361 932 477 937 633 942 689 947 384 952 323 957 988 962 950 967 91 972 287 977 415 982 535 987 882 992 960 997 233 1002 566 1007 7 1012 680 1017 164 1022 178 1027 27 1032 588 1037 886 1042 264 1047 772 1052 39 1057 729 1062 406 1067 434 1072 561 1077 220 1082 680 1087 978 1092 314 1097 985 1102 755 1107 982 1112 622 1117 269 1122 587 1127 894 1132 425 1137 151 1142 909 1147 331 1152 879 1157 231 1162 747 1167 427 1172 52 1177 749 1182 76 1187 276 1192 946 1197 871 1202 332 1207 360 1212 160 1217 17 1222 476 1227 306 1232 174 1237 505 1242 122 1247 413 1252 346 1257 343 1262 819 1267 708 1272 162 1277 204 1282 815 1287 136 1292 580 1297 869 1302 463 1307 110 1312 387 1317 662 1322 87 1327 570 1332 380 1337 494 1342 788 1347 998 1352 612 1357 489 1362 794 1367 261 1372 582 1377 149 1382 651 1387 8 1392 739 1397 29 1402 504 1407 966 1412 457 1417 658 1422 895 1427 51 1432 868 1437 787 1442 124 1447 477 1452 366 1457 728 1462 238 1467 667 1472 303 1477 338 1482 895 1487 380 1492 238 1497 723 1502 250 1507 65 1512 351 1517 658 1522 773 1527 632 1532 376 1537 373 1542 157 1547 495 1552 286 1557 574 1562 592 1567 323 1572 300 1577 220 1582 951 1587 797 1592 936 1597 729 1602 842 1607 945 1612 556 1617 675 1622 976 1627 820 1632 22 1637 951 1642 460 1647 474 1652 578 1657 916 1662 640 1667 485 1672 625 1677 396 1682 596 1687 576 1692 938 1697 724 1702 113 1707 789 1712 810 1717 171 1722 587 1727 78 1732 347 1737 953 1742 113 1747 292 1752 735 1757 653 1762 535 1767 728 1772 233 1777 926 1782 7 1787 325 1792 431 1797 227 1802 426 1807 221 1812 648 1817 328 1822 843 1827 901 1832 584 1837 45 1842 945 1847 502 1852 504 1857 633 1862 51 1867 217 1872 178 1877 855 1882 868 1887 780 1892 442 1897 914 1902 133 1907 800 1912 643 1917 896 1922 943 1927 976 1932 691 1937 104 1942 108 1947 596 1952 516 1957 395 1962 520 1967 546 1972 376 1977 477 1982 543 1987 306 1992 800 1997 208 2002 797 2007 213 2012 336 2017 771 2022 983 2027 989 2032 276 2037 530 2042 743 2047 132 2052 244 2057 780 2062 93 2067 509 2072 80 2077 131 2082 304 2087 804 2092 883 2097 461 2102 871 2107 291 2112 464 2117 941 2122 298 2127 291 2132 285 2137 262 2142 898 2147 730 2152 577 2157 430 2162 993 2167 902 2172 411 2177 804 2182 902 2187 394 2192 993 2197 298 2202 489 2207 20 2212 162 2217 533 2222 537 2227 36 2232 731 2237 791 2242 940 2247 787 2252 275 2257 67 2262 49 2267 596 2272 360 2277 198 2282 223 2287 778 2292 162 2297 227 2302 521 2307 638 2312 470 2317 531 2322 395 2327 981 2332 157 2337 903 2342 636 2347 188 2352 240 2357 964 2362 287 2367 555 2372 992 2377 603 2382 977 2387 609 2392 188 2397 13 2402 934 2407 592 2412 726 2417 508 2422 614 2427 530 2432 365 2437 358 2442 276 2447 107 2452 533 2457 879 2462 885 2467 781 2472 611 2477 278 2482 950 2487 998 2492 595 2497 1000
1 2 3 4 5 6 7 8 9 10 11 12 13 14 15 16 17 18 19 20 21 22 23 24 25 26 27 28 29 30 31 32 33 35 36 37 38 39 40 41 43 44 45 46 47 48 49 50 51 52 53 54 55 56 57 59 60 61 62 63 65 66 67 68 69 70 71 72 73 74 75 76 78 79 80 81 82 83 84 85 86 87 88 89 90 91 92 93 94 95 96 97 98 99 100 101 102 103 105 106 107 108 109 110 111 112 113 114 116 117 118 119 120 121 122 123 124 125 127 128 129 130 131 132 133 134 135 136 137 138 139 140 141 142 143 145 146 147 148 149 150 151 152 153 154 155 156 157 158 159 161 162 163 164 165 166 167 168 169 170 171 172 173 174 175 176 177 178 179 180 181 183 184 185 186 187 188 189 190 191 192 193 194 195 196 197 198 199 200 201 202 203 204 205 206 207 208 209 210 211 212 213 214 215 216 217 218 219 220 221 222 223 224 225 226 227 228 229 230 231 232 233 234 235 236 237 239 240 241 242 243 244 245 246 247 248 249 250 251 252 253 254 255 256 257 258 259 260 262 263 264 265 266 267 268 269 270 271 272 273 274 275 276 277 279 280 281 282 283 284 285 286 287 289 290 291 292 293 294 296 297 298 299 300 302 303 304 305 306 307 308 309 310 311 312 313 314 315 316 317 318 319 320 321 322 323 324 325 326 327 328 329 330 331 333 334 335 336 338 339 340 342 343 344 346 347 348 349 350 351 352 353 354 355 356 357 359 360 361 362 363 364 365 366 367 368 369 370 372 373 374 375 376 377 378 379 380 381 382 383 384 385 386 387 388 389 390 391 392 393 395 396 397 398 399 400 401 402 403 404 405 406 407 408 410 411 412 413 414 415 416 417 418 419 420 421 422 423 424 425 426 427 428 429 430 431 432 433 434 435 436 437 438 439 440 441 442 443 444 445 446 447 448 449 450 451 452 453 454 455 456 457 458 459 460 461 464 465 466 467 468 469 470 471 472 473 474 475 476 477 478 479 480 481 482 483 484 485 486 487 488 489 490 491 492 493 494 495 496 497 498 499 500
500 441 272863637948668459 29
1 989 7 982 12 539 17 323 22 598 27 69 32 548 37 435 42 655 47 697 52 415 57 9 62 825 67 800 72 671 77 889 82 576 87 65 92 380 97 62 102 268 107 770 112 859 117 654 122 339 127 919 132 947 137 387 142 653 147 605 152 349 157 130 162 715 167 162 172 13 177 44 182 274 187 59 192 138 197 768 202 140 207 219 212 995 217 600 222 596 227 489 232 488 237 679 242 796 247 915 252 815 257 365 262 977 267 962 272 845 277 308 282 609 287 919 292 435 297 406 302 85 307 580 312 919 317 376 322 951 327 307 332 634 337 749 342 440 347 359 352 744 357 547 362 330 367 626 372 522 377 599 382 849 387 550 392 910 397 76 402 137 407 763 412 229 417 357 422 715 427 524 432 890 437 476 442 700 447 590 452 433 457 332 462 271 467 323 472 896 477 649 482 859 487 323 492 778 497 781 502 25 507 262 512 692 517 960 522 622 527 720 532 109 537 211 542 536 547 140 552 48 557 235 562 850 567 130 572 864 577 515 582 254 587 171 592 455 597 142 602 708 607 753 612 65 617 253 622 399 627 143 632 330 637 4 642 559 647 504 652 183 657 247 662 683 667 248 672 736 677 931 682 11 687 588 692 99 697 844 702 434 707 990 712 312 717 683 722 536 727 155 732 272 737 527 742 319 747 848 752 774 757 504 762 366 767 648 772 786 777 437 782 607 787 603 792 70 797 568 802 128 807 931 812 302 817 466 822 843 827 15 832 804 837 222 842 709 847 137 852 166 857 950 862 583 867 650 872 320 877 768 882 559 887 865 892 895 897 254 902 67 907 87 912 299 917 707 922 855 927 225 932 158 937 998 942 451 947 663 952 997 957 861 962 872 967 102 972 976 977 774 982 17 987 817 992 819 997 159 1002 334 1007 6 1012 160 1017 318 1022 216 1027 485 1032 673 1037 267 1042 158 1047 582 1052 975 1057 730 1062 341 1067 673 1072 693 1077 563 1082 956 1087 641 1092 963 1097 820 1102 122 1107 932 1112 485 1117 618 1122 99 1127 122 1132 359 1137 632 1142 378 1147 278 1152 248 1157 383 1162 80 1167 827 1172 742 1177 889 1182 734 1187 457 1192 899 1197 407 1202 499 1207 763 1212 895 1217 972 1222 842 1227 615 1232 669 1237 868 1242 387 1247 400 1252 109 1257 961 1262 984 1267 513 1272 452 1277 950 1282 493 1287 394 1292 766 1297 351 1302 25 1307 298 1312 847 1317 340 1322 748 1327 606 1332 366 1337 604 1342 632 1347 229 1352 438 1357 938 1362 772 1367 13 1372 796 1377 670 1382 839 1387 588 1392 318 1397 905 1402 628 1407 50 1412 398 1417 267 1422 693 1427 46 1432 266 1437 859 1442 617 1447 75 1452 681 1457 909 1462 240 1467 746 1472 246 1477 225 1482 898 1487 266 1492 248 1497 120 1502 331 1507 357 1512 858 1517 135 1522 475 1527 348 1532 95 1537 415 1542 700 1547 976 1552 269 1557 539 1562 163 1567 920 1572 376 1577 129 1582 235 1587 330 1592 446 1597 597 1602 517 1607 524 1612 143 1617 531 1622 115 1627 506 1632 461 1637 450 1642 732 1647 857 1652 676 1657 810 1662 561 1667 353 1672 122 1677 621 1682 253 1687 659 1692 203 1697 366 1702 269 1707 646 1712 173 1717 215 1722 512 1727 868 1732 176 1737 222 1742 873 1747 990 1752 110 1757 979 1762 573 1767 782 1772 594 1777 763 1782 962 1787 219 1792 921 1797 698 1802 344 1807 117 1812 953 1817 213 1822 94 1827 209 1832 925 1837 281 1842 704 1847 776 1852 552 1857 377 1862 898 1867 315 1872 900 1877 834 1882 341 1887 260 1892 597 1897 454 1902 434 1907 806 1912 309 1917 262 1922 840 1927 561 1932 278 1937 881 1942 520 1947 667 1952 828 1957 50 1962 397 1967 151 1972 694 1977 389 1982 776 1987 208 1992 460 1997 960 2002 763 2007 535 2012 624 2017 526 2022 845 2027 829 2032 196 2037 584 2042 416 2047 126 2052 703 2057 493 2062 807 2067 311 2072 403 2077 854 2082 20 2087 130 2092 82 2097 527 2102 107 2107 903 2112 346 2117 655 2122 536 2127 211 2132 435 2137 540 2142 308 2147 861 2152 216 2157 623 2162 438 2167 562 2172 225 2177 79 2182 487 2187 92 2192 717 2197 204 2202 214 2207 561 2212 946 2217 285 2222 915 2227 243 2232 891 2237 70 2242 294 2247 585 2252 368 2257 987 2262 135 2267 289 2272 862 2277 719 2282 663 2287 212 2292 328 2297 818 2302 40 2307 183 2312 969 2317 895 2322 104 2327 172 2332 979 2337 316 2342 31 2347 741 2352 903 2357 589 2362 303 2367 507 2372 322 2377 73 2382 335 2387 761 2392 315 2397 90 2402 84 2407 677 2412 777 2417 863 2422 556 2427 934 2432 271 2437 929 2442 724 2447 800 2452 389 2457 524 2462 777 2467 610 2472 913 2477 903 2482 512 2487 605 2492 54 2497 399
1 2 3 4 5 6 7 8 11 12 14 15 16 17 18 19 20 22 23 24 25 26 27 28 29 30 31 32 33 34 36 37 38 39 40 41 42 43 44 45 46 48 49 51 53 54 55 56 57 58 59 60 62 63 65 66 67 68 69 70 71 72 73 74 75 76 77 78 79 81 82 85 86 87 88 89 90 91 92 93 94 95 96 97 98 100 101 102 103 104 105 106 107 108 109 110 111 112 113 114 115 116 117 118 119 121 122 123 124 125 126 127 128 129 130 131 132 133 134 135 136 138 139 140 141 142 143 144 145 146 147 148 151 152 153 154 155 156 157 158 159 160 161 162 163 164 165 166 167 169 170 172 173 174 175 176 177 178 179 180 181 183 185 186 187 188 189 190 191 192 193 194 195 196 197 198 199 200 201 203 204 205 206 207 208 209 210 211 212 213 215 216 218 219 220 221 222 224 225 226 227 228 229 230 232 233 234 235 236 237 238 239 241 242 243 244 245 246 248 249 250 251 252 253 254 255 256 257 259 260 261 262 263 265 266 267 268 269 271 273 274 275 276 277 278 279 280 281 282 283 284 285 286 287 288 289 290 291 292 293 294 295 297 298 299 300 302 303 304 305 306 307 308 309 310 311 312 314 315 316 318 319 320 321 322 323 324 325 326 327 328 329 330 331 332 333 334 335 336 337 339 340 341 342 343 344 347 348 349 352 353 354 356 358 359 360 361 362 363 364 365 366 367 368 369 370 371 372 373 374 375 376 377 378 379 380 381 382 383 384 385 386 387 388 389 390 392 393 394 395 396 397 398 400 401 402 404 405 406 407 408 409 410 411 412 413 414 415 416 417 419 420 421 423 424 425 426 427 428 429 430 431 432 434 435 436 437 438 439 440 441 442 443 444 446 448 449 450 451 452 453 454 455 457 458 461 462 463 464 465 466 467 468 469 470 474 475 476 478 479 480 481 482 483 484 485 486 487 488 489 490 491 492 493 494 495 496 497 498 499 500
500 485 17682 82
7 499 12 245 17 599 22 368 27 637 32 440 37 254 42 122 47 123 52 963 57 407 62 884 67 653 72 23 77 925 82 924 87 293 92 491 97 93 102 290 107 216 112 852 117 119 122 62 127 534 132 241 137 478 142 794 147 475 152 617 157 46 162 378 167 563 172 271 177 838 182 218 187 942 192 176 197 53 202 694 207 455 212 766 217 199 222 699 227 651 232 937 237 236 242 554 247 519 252 632 257 118 262 100 267 53 272 236 277 755 282 258 287 29 292 544 297 750 302 660 307 549 312 85 317 591 322 380 327 945 332 445 337 59 342 717 347 247 352 970 357 162 362 687 367 415 372 186 377 414 382 309 387 783 392 128 397 870 402 433 407 482 412 608 417 757 422 679 427 937 432 564 437 334 442 185 447 768 452 678 457 428 462 19 467 349 472 292 477 848 482 413 487 987 492 578 497 795 502 282 507 391 512 306 517 927 522 23 527 588 532 286 537 631 542 172 547 45 552 267 557 284 562 137 567 479 572 912 577 718 582 951 587 29 592 62 597 748 602 921 607 610 612 959 617 461 622 376 627 925 632 932 637 27 642 268 647 509 652 525 657 332 662 853 667 737 672 791 677 856 682 590 687 418 692 644 697 366 702 306 707 504 712 516 717 188 722 305 727 429 732 810 737 374 742 65 747 46 752 538 757 465 762 136 767 214 772 275 777 105 782 15 787 151 792 878 797 732 802 83 807 813 812 288 817 701 822 560 827 677 832 791 837 899 842 243 847 815 852 20 857 20 862 307 867 165 872 796 877 475 882 739 887 182 892 458 897 795 902 299 907 314 912 572 917 232 922 914 927 666 932 948 937 499 942 539 947 969 952 410 957 615 962 25 967 586 972 670 977 231 982 230 987 580 992 582 997 418 1002 924 1007 689 1012 354 1017 716 1022 613 1027 78 1032 751 1037 261 1042 316 1047 199 1052 198 1057 655 1062 324 1067 958 1072 347 1077 361 1082 671 1087 685 1092 447 1097 452 1102 754 1107 623 1112 644 1117 996 1122 469 1127 178 1132 414 1137 733 1142 720 1147 87 1152 978 1157 114 1162 663 1167 995 1172 350 1177 819 1182 400 1187 942 1192 337 1197 987 1202 957 1207 192 1212 331 1217 201 1222 606 1227 711 1232 686 1237 959 1242 10 1247 568 1252 104 1257 737 1262 923 1267 978 1272 786 1277 232 1282 973 1287 392 1292 216 1297 71 1302 534 1307 721 1312 949 1317 188 1322 466 1327 118 1332 209 1337 186 1342 244 1347 665 1352 813 1357 819 1362 857 1367 772 1372 157 1377 389 1382 97 1387 195 1392 92 1397 942 1402 58 1407 607 1412 384 1417 866 1422 826 1427 501 1432 211 1437 63 1442 681 1447 962 1452 133 1457 524 1462 491 1467 600 1472 334 1477 996 1482 346 1487 106 1492 35 1497 871 1502 289 1507 386 1512 517 1517 957 1522 397 1527 607 1532 637 1537 58 1542 448 1547 974 1552 862 1557 830 1562 315 1567 273 1572 8 1577 53 1582 530 1587 116 1592 381 1597 165 1602 588 1607 860 1612 507 1617 996 1622 449 1627 148 1632 9 1637 715 1642 95 1647 438 1652 849 1657 411 1662 29 1667 637 1672 833 1677 587 1682 443 1687 983 1692 30 1697 443 1702 174 1707 425 1712 642 1717 252 1722 272 1727 409 1732 595 1737 156 1742 835 1747 468 1752 136 1757 861 1762 858 1767 814 1772 735 1777 49 1782 621 1787 283 1792 947 1797 435 1802 183 1807 105 1812 970 1817 711 1822 991 1827 674 1832 153 1837 946 1842 273 1847 620 1852 723 1857 150 1862 335 1867 391 1872 541 1877 302 1882 321 1887 661 1892 243 1897 881 1902 381 1907 292 1912 388 1917 480 1922 110 1927 928 1932 287 1937 9 1942 351 1947 749 1952 574 1957 172 1962 583 1967 238 1972 948 1977 565 1982 391 1987 472 1992 625 1997 47 2002 552 2007 918 2012 682 2017 223 2022 25 2027 189 2032 310 2037 412 2042 334 2047 332 2052 732 2057 370 2062 249 2067 499 2072 637 2077 506 2082 463 2087 795 2092 261 2097 540 2102 660 2107 308 2112 11 2117 581 2122 546 2127 157 2132 354 2137 691 2142 919 2147 997 2152 600 2157 146 2162 416 2167 813 2172 397 2177 646 2182 33 2187 867 2192 153 2197 96 2202 618 2207 503 2212 516 2217 328 2222 203 2227 105 2232 584 2237 460 2242 514 2247 567 2252 734 2257 413 2262 808 2267 740 2272 511 2277 477 2282 897 2287 453 2292 702 2297 615 2302 998 2307 290 2312 274 2317 912 2322 848 2327 104 2332 774 2337 649 2342 300 2347 869 2352 676 2357 171 2362 122 2367 879 2372 856 2377 573 2382 273 2387 45 2392 412 2397 611 2402 415 2407 260 2412 15 2417 406 2422 241 2427 919 2432 119 2437 337 2442 563 2447 241 2452 485 2457 308 2462 302 2467 242 2472 560 2477 828 2482 69 2487 204 2492 132 2497 161 2502 997
1 2 3 4 5 6 7 8 10 11 12 13 14 16 17 18 20 21 22 23 24 25 26 27 28 29 30 31 32 33 34 35 36 37 38 39 40 41 42 43 44 45 46 47 48 49 50 51 52 53 54 55 56 57 58 59 60 61 62 63 64 65 66 67 68 69 70 71 72 73 74 75 76 77 78 79 80 81 82 83 84 85 86 87 88 89 90 91 92 93 94 95 96 97 98 99 100 101 102 103 104 105 106 107 108 109 110 111 112 113 114 115 116 117 118 119 120 121 122 123 124 125 126 127 128 129 130 131 132 133 134 135 136 137 138 139 140 141 142 143 144 145 146 147 148 149 150 151 152 153 154 155 156 157 158 159 160 161 162 163 164 165 166 167 169 170 171 173 175 176 177 178 179 180 181 182 183 184 185 186 187 188 189 190 191 192 193 194 195 196 197 198 199 200 201 202 203 204 205 206 207 208 209 210 211 212 214 215 216 217 219 220 221 222 223 224 225 226 227 228 229 230 231 232 233 234 235 236 237 238 239 240 241 242 243 244 245 246 247 248 249 250 251 252 253 254 255 256 257 258 259 260 261 262 263 264 266 267 268 269 270 271 272 273 274 275 276 277 278 279 280 281 283 284 285 286 287 288 289 290 291 292 293 294 295 296 297 298 299 300 301 302 303 304 305 306 307 308 309 310 312 313 314 315 316 317 318 319 320 321 322 323 324 325 326 327 328 329 330 331 332 333 334 335 336 337 338 339 341 342 343 344 345 346 347 348 349 350 351 352 353 354 355 356 357 358 359 360 361 362 363 364 365 366 367 368 369 370 371 373 374 375 376 377 378 379 380 381 382 383 384 385 386 387 388 389 390 391 392 393 395 396 397 398 399 400 401 402 403 404 405 406 407 408 409 410 411 412 413 414 415 416 417 418 419 420 421 422 423 424 425 426 427 428 429 430 431 432 433 434 435 436 437 438 439 440 441 442 443 444 445 446 447 448 449 450 451 452 453 454 455 456 457 458 459 460 461 462 463 464 465 466 467 468 469 470 471 472 473 475 476 477 478 479 480 481 482 483 484 485 486 487 488 489 490 491 492 493 494 495 496 497 498 499 500
500 498 4 1
4 63 9 935 14 174 19 47 24 339 29 649 34 316 39 925 44 958 49 910 54 532 59 722 64 848 69 523 74 9 79 785 84 812 89 159 94 966 99 490 104 820 109 984 114 397 119 848 124 707 129 213 134 409 139 16 144 962 149 605 154 785 159 801 164 812 169 673 174 221 179 935 184 507 189 313 194 128 199 642 204 414 209 738 214 306 219 322 224 434 229 797 234 544 239 35 244 411 249 478 254 78 259 424 264 624 269 569 274 845 279 526 284 539 289 780 294 870 299 402 304 55 309 813 314 306 319 759 324 8 329 355 334 462 339 748 344 462 349 884 354 77 359 61 364 610 369 792 374 516 379 88 384 99 389 999 394 904 399 496 404 40 409 424 414 224 419 795 424 732 429 912 434 575 439 711 444 157 449 650 454 232 459 751 464 921 469 635 474 709 479 476 484 577 489 58 494 465 499 655 504 266 509 987 514 648 519 414 524 533 529 395 534 330 539 766 544 808 549 532 554 118 559 553 564 857 569 175 574 544 579 124 584 300 589 50 594 700 599 574 604 723 609 839 614 523 619 65 624 957 629 255 634 449 639 942 644 672 649 483 654 614 659 53 664 299 669 85 674 806 679 402 684 642 689 743 694 298 699 914 704 72 709 963 714 732 719 871 724 649 729 606 734 463 739 13 744 131 749 992 754 364 759 860 764 975 769 114 774 419 779 331 784 89 789 142 794 46 799 482 804 939 809 229 814 446 819 884 824 259 829 974 834 107 839 160 844 297 849 194 854 744 859 197 864 211 869 35 874 425 879 619 884 295 889 71 894 502 899 281 904 660 909 558 914 20 919 669 924 944 929 1000 934 486 939 179 944 201 949 224 954 639 959 442 964 717 969 264 974 652 979 168 984 789 989 394 994 53 999 167 1004 632 1009 626 1014 878 1019 74 1024 539 1029 804 1034 216 1039 845 1044 219 1049 287 1054 10 1059 54 1064 563 1069 315 1074 791 1079 614 1084 982 1089 392 1094 772 1099 212 1104 482 1109 840 1114 699 1119 744 1124 918 1129 951 1134 356 1139 898 1144 760 1149 96 1154 672 1159 774 1164 180 1169 682 1174 21 1179 623 1184 931 1189 447 1194 229 1199 874 1204 107 1209 508 1214 199 1219 275 1224 297 1229 970 1234 277 1239 246 1244 817 1249 291 1254 300 1259 819 1264 205 1269 497 1274 901 1279 763 1284 926 1289 64 1294 69 1299 40 1304 472 1309 260 1314 17 1319 822 1324 230 1329 78 1334 829 1339 279 1344 397 1349 720 1354 459 1359 696 1364 383 1369 476 1374 661 1379 917 1384 583 1389 511 1394 830 1399 192 1404 520 1409 62 1414 903 1419 325 1424 941 1429 570 1434 159 1439 828 1444 626 1449 278 1454 535 1459 59 1464 646 1469 460 1474 232 1479 815 1484 310 1489 86 1494 146 1499 18 1504 114 1509 533 1514 631 1519 12 1524 971 1529 716 1534 36 1539 928 1544 108 1549 632 1554 653 1559 353 1564 355 1569 617 1574 796 1579 323 1584 29 1589 536 1594 20 1599 110 1604 784 1609 666 1614 522 1619 363 1624 982 1629 353 1634 99 1639 780 1644 586 1649 758 1654 188 1659 898 1664 917 1669 393 1674 441 1679 430 1684 593 1689 603 1694 306 1699 298 1704 730 1709 210 1714 665 1719 942 1724 956 1729 168 1734 366 1739 730 1744 630 1749 831 1754 705 1759 230 1764 889 1769 977 1774 879 1779 3 1784 602 1789 700 1794 498 1799 138 1804 543 1809 957 1814 111 1819 248 1824 333 1829 100 1834 265 1839 318 1844 548 1849 180 1854 943 1859 638 1864 877 1869 932 1874 288 1879 459 1884 435 1889 528 1894 568 1899 865 1904 371 1909 836 1914 446 1919 489 1924 486 1929 238 1934 787 1939 358 1944 195 1949 173 1954 541 1959 304 1964 462 1969 560 1974 830 1979 761 1984 667 1989 725 1994 537 1999 82 2004 990 2009 442 2014 725 2019 457 2024 74 2029 365 2034 713 2039 378 2044 23 2049 725 2054 338 2059 434 2064 727 2069 227 2074 709 2079 785 2084 558 2089 846 2094 214 2099 523 2104 987 2109 359 2114 131 2119 296 2124 327 2129 503 2134 72 2139 945 2144 467 2149 428 2154 786 2159 612 2164 799 2169 887 2174 381 2179 195 2184 396 2189 236 2194 631 2199 991 2204 75 2209 768 2214 483 2219 211 2224 113 2229 432 2234 959 2239 459 2244 693 2249 257 2254 909 2259 856 2264 726 2269 378 2274 486 2279 847 2284 78 2289 221 2294 513 2299 319 2304 880 2309 154 2314 759 2319 149 2324 588 2329 313 2334 98 2339 86 2344 893 2349 58 2354 729 2359 289 2364 52 2369 879 2374 404 2379 518 2384 443 2389 891 2394 526 2399 792 2404 811 2409 664 2414 102 2419 902 2424 802 2429 171 2434 863 2439 834 2444 158 2449 976 2454 237 2459 488 2464 824 2469 93 2474 207 2479 934 2484 284 2489 896 2494 633 2499 233
1 2 3 4 5 6 7 8 9 10 11 12 13 14 15 16 17 18 19 20 21 22 23 24 25 26 27 28 29 30 31 32 33 34 35 36 37 38 39 40 41 42 43 44 45 46 47 48 49 50 51 52 53 54 55 56 57 58 59 60 61 62 63 64 65 66 67 68 69 70 71 72 73 74 75 76 77 78 79 80 81 82 83 84 85 86 87 88 89 90 91 92 93 94 95 96 97 98 99 100 101 102 103 104 105 106 107 108 109 110 111 112 113 114 115 116 117 118 119 120 121 122 123 124 125 126 127 128 129 130 131 132 133 134 135 136 137 138 139 140 141 142 143 145 146 147 148 149 150 151 152 153 154 155 156 157 158 159 160 161 162 163 164 165 166 167 168 169 170 171 172 173 174 175 176 177 178 179 180 181 182 183 184 185 186 187 188 189 190 191 192 193 194 195 196 197 198 199 200 201 202 203 204 205 206 207 208 209 210 211 212 213 214 215 216 217 218 219 220 221 222 223 224 225 226 227 228 229 230 231 232 233 234 235 236 237 238 239 240 241 242 243 244 245 246 247 248 249 250 251 252 253 254 255 256 257 258 259 260 261 262 263 264 265 266 267 268 269 270 271 272 273 274 275 276 277 278 279 280 281 282 283 284 285 286 287 288 289 290 291 292 293 294 295 296 297 298 299 300 301 302 303 304 305 306 307 308 309 310 311 312 313 314 315 316 317 318 319 320 321 322 323 324 325 326 327 328 329 330 331 332 333 334 335 336 337 338 339 340 341 342 343 344 345 346 347 348 349 350 351 352 353 354 355 356 357 358 359 360 361 362 363 364 365 366 367 368 369 370 371 372 373 374 375 376 377 378 379 380 381 382 383 384 385 386 387 388 389 390 391 392 393 394 395 396 397 398 399 400 401 402 403 404 405 406 407 408 409 410 411 412 413 414 415 416 417 418 419 420 421 422 423 424 425 426 427 428 429 430 431 432 433 434 435 436 437 438 439 440 441 442 443 444 445 446 447 448 449 450 451 452 453 454 455 456 457 458 459 460 461 462 463 464 465 466 467 468 469 470 471 472 473 474 475 476 477 478 479 480 481 482 483 484 485 486 487 488 489 490 491 492 493 494 496 497 498 499 500
0
